1.000000e-04 1.899767e+02 1.000000e+00 1.899767e+02 1.899767e+02 
1.028073e-04 1.951550e+02 1.000000e+00 1.951550e+02 1.951550e+02 
1.056935e-04 2.004741e+02 1.000000e+00 2.004741e+02 2.004741e+02 
1.086606e-04 2.059380e+02 1.000000e+00 2.059380e+02 2.059380e+02 
1.117111e-04 2.115505e+02 1.000000e+00 2.115505e+02 2.115505e+02 
1.148472e-04 2.173158e+02 1.000000e+00 2.173158e+02 2.173158e+02 
1.180713e-04 2.232380e+02 1.000000e+00 2.232380e+02 2.232380e+02 
1.213859e-04 2.293214e+02 1.000000e+00 2.293214e+02 2.293214e+02 
1.247936e-04 2.355705e+02 1.000000e+00 2.355705e+02 2.355705e+02 
1.282970e-04 2.419898e+02 1.000000e+00 2.419898e+02 2.419898e+02 
1.318987e-04 2.485837e+02 1.000000e+00 2.485837e+02 2.485837e+02 
1.356015e-04 2.553567e+02 1.000000e+00 2.553567e+02 2.553567e+02 
1.394083e-04 2.623134e+02 1.000000e+00 2.623134e+02 2.623134e+02 
1.433219e-04 2.694585e+02 1.000000e+00 2.694585e+02 2.694585e+02 
1.473454e-04 2.767973e+02 1.000000e+00 2.767973e+02 2.767973e+02 
1.514819e-04 2.843353e+02 1.000000e+00 2.843353e+02 2.843353e+02 
1.557345e-04 2.920779e+02 1.000000e+00 2.920779e+02 2.920779e+02 
1.601064e-04 3.000310e+02 1.000000e+00 3.000310e+02 3.000310e+02 
1.646012e-04 3.082001e+02 1.000000e+00 3.082001e+02 3.082001e+02 
1.692220e-04 3.165910e+02 1.000000e+00 3.165910e+02 3.165910e+02 
1.739726e-04 3.252092e+02 1.000000e+00 3.252092e+02 3.252092e+02 
1.788566e-04 3.340609e+02 1.000000e+00 3.340609e+02 3.340609e+02 
1.838777e-04 3.431523e+02 1.000000e+00 3.431523e+02 3.431523e+02 
1.890397e-04 3.524901e+02 1.000000e+00 3.524901e+02 3.524901e+02 
1.943467e-04 3.620809e+02 1.000000e+00 3.620809e+02 3.620809e+02 
1.998026e-04 3.719319e+02 1.000000e+00 3.719319e+02 3.719319e+02 
2.054117e-04 3.820496e+02 1.000000e+00 3.820496e+02 3.820496e+02 
2.111783e-04 3.924411e+02 1.000000e+00 3.924411e+02 3.924411e+02 
2.171068e-04 4.031134e+02 1.000000e+00 4.031134e+02 4.031134e+02 
2.232016e-04 4.140737e+02 1.000000e+00 4.140737e+02 4.140737e+02 
2.294676e-04 4.253295e+02 1.000000e+00 4.253295e+02 4.253295e+02 
2.359095e-04 4.368887e+02 1.000000e+00 4.368887e+02 4.368887e+02 
2.425323e-04 4.487592e+02 1.000000e+00 4.487592e+02 4.487592e+02 
2.493409e-04 4.609492e+02 1.000000e+00 4.609492e+02 4.609492e+02 
2.563407e-04 4.734675e+02 1.000000e+00 4.734675e+02 4.734675e+02 
2.635371e-04 4.863229e+02 1.000000e+00 4.863229e+02 4.863229e+02 
2.709354e-04 4.995246e+02 1.000000e+00 4.995246e+02 4.995246e+02 
2.785414e-04 5.130820e+02 1.000000e+00 5.130820e+02 5.130820e+02 
2.863610e-04 5.270040e+02 1.000000e+00 5.270040e+02 5.270040e+02 
2.944000e-04 5.412998e+02 1.000000e+00 5.412998e+02 5.412998e+02 
3.026648e-04 5.559785e+02 1.000000e+00 5.559785e+02 5.559785e+02 
3.111616e-04 5.710496e+02 1.000000e+00 5.710496e+02 5.710496e+02 
3.198969e-04 5.865234e+02 1.000000e+00 5.865234e+02 5.865234e+02 
3.288774e-04 6.024105e+02 1.000000e+00 6.024105e+02 6.024105e+02 
3.381101e-04 6.187217e+02 1.000000e+00 6.187217e+02 6.187217e+02 
3.476019e-04 6.354684e+02 1.000000e+00 6.354684e+02 6.354684e+02 
3.573602e-04 6.526616e+02 1.000000e+00 6.526616e+02 6.526616e+02 
3.673925e-04 6.703127e+02 1.000000e+00 6.703127e+02 6.703127e+02 
3.777064e-04 6.884332e+02 1.000000e+00 6.884332e+02 6.884332e+02 
3.883098e-04 7.070350e+02 1.000000e+00 7.070350e+02 7.070350e+02 
3.992109e-04 7.261300e+02 1.000000e+00 7.261300e+02 7.261300e+02 
4.104181e-04 7.457306e+02 1.000000e+00 7.457306e+02 7.457306e+02 
4.219398e-04 7.658492e+02 1.000000e+00 7.658492e+02 7.658492e+02 
4.337850e-04 7.864986e+02 1.000000e+00 7.864986e+02 7.864986e+02 
4.459628e-04 8.076918e+02 1.000000e+00 8.076918e+02 8.076918e+02 
4.584824e-04 8.294419e+02 1.000000e+00 8.294419e+02 8.294419e+02 
4.713535e-04 8.517623e+02 1.000000e+00 8.517623e+02 8.517623e+02 
4.845859e-04 8.746668e+02 1.000000e+00 8.746668e+02 8.746668e+02 
4.981898e-04 8.981701e+02 1.000000e+00 8.981701e+02 8.981701e+02 
5.121755e-04 9.222874e+02 1.000000e+00 9.222874e+02 9.222874e+02 
5.265540e-04 9.470341e+02 1.000000e+00 9.470341e+02 9.470341e+02 
5.413360e-04 9.724261e+02 1.000000e+00 9.724261e+02 9.724261e+02 
5.565331e-04 9.984779e+02 1.000000e+00 9.984779e+02 9.984779e+02 
5.721568e-04 1.025204e+03 1.000000e+00 1.025204e+03 1.025204e+03 
5.882190e-04 1.052618e+03 1.000000e+00 1.052618e+03 1.052618e+03 
6.047322e-04 1.080735e+03 1.000000e+00 1.080735e+03 1.080735e+03 
6.217090e-04 1.109572e+03 1.000000e+00 1.109572e+03 1.109572e+03 
6.391624e-04 1.139146e+03 1.000000e+00 1.139146e+03 1.139146e+03 
6.571058e-04 1.169475e+03 1.000000e+00 1.169475e+03 1.169475e+03 
6.755528e-04 1.200578e+03 1.000000e+00 1.200578e+03 1.200578e+03 
6.945178e-04 1.232472e+03 1.000000e+00 1.232472e+03 1.232472e+03 
7.140151e-04 1.265176e+03 1.000000e+00 1.265176e+03 1.265176e+03 
7.340598e-04 1.298706e+03 1.000000e+00 1.298706e+03 1.298706e+03 
7.546673e-04 1.333081e+03 1.000000e+00 1.333081e+03 1.333081e+03 
7.758532e-04 1.368319e+03 1.000000e+00 1.368319e+03 1.368319e+03 
7.976339e-04 1.404439e+03 1.000000e+00 1.404439e+03 1.404439e+03 
8.200261e-04 1.441458e+03 1.000000e+00 1.441458e+03 1.441458e+03 
8.430468e-04 1.479394e+03 1.000000e+00 1.479394e+03 1.479394e+03 
8.667139e-04 1.518270e+03 1.000000e+00 1.518270e+03 1.518270e+03 
8.910453e-04 1.558104e+03 1.000000e+00 1.558104e+03 1.558104e+03 
9.160598e-04 1.598920e+03 1.000000e+00 1.598920e+03 1.598920e+03 
9.417766e-04 1.640738e+03 1.000000e+00 1.640738e+03 1.640738e+03 
9.682153e-04 1.683579e+03 1.000000e+00 1.683579e+03 1.683579e+03 
9.953962e-04 1.727461e+03 1.000000e+00 1.727461e+03 1.727461e+03 
1.023340e-03 1.772404e+03 1.000942e+00 1.772404e+03 1.774074e+03 
1.052069e-03 1.818426e+03 1.000921e+00 1.818426e+03 1.820100e+03 
1.081604e-03 1.865549e+03 1.000901e+00 1.865549e+03 1.867230e+03 
1.111968e-03 1.913799e+03 1.000882e+00 1.913799e+03 1.915487e+03 
1.143184e-03 1.963201e+03 1.000861e+00 1.963201e+03 1.964891e+03 
1.175277e-03 2.013779e+03 1.000838e+00 2.013779e+03 2.015466e+03 
1.208271e-03 2.065555e+03 1.000813e+00 2.065555e+03 2.067235e+03 
1.242191e-03 2.118549e+03 1.000788e+00 2.118549e+03 2.120220e+03 
1.277063e-03 2.172780e+03 1.000766e+00 2.172780e+03 2.174445e+03 
1.312915e-03 2.228266e+03 1.000748e+00 2.228266e+03 2.229933e+03 
1.349772e-03 2.285030e+03 1.000734e+00 2.285030e+03 2.286706e+03 
1.387665e-03 2.343097e+03 1.000720e+00 2.343097e+03 2.344785e+03 
1.426621e-03 2.402494e+03 1.000706e+00 2.402494e+03 2.404190e+03 
1.466671e-03 2.463247e+03 1.000688e+00 2.463247e+03 2.464941e+03 
1.507845e-03 2.525374e+03 1.000668e+00 2.525374e+03 2.527061e+03 
1.550175e-03 2.588894e+03 1.000647e+00 2.588894e+03 2.590569e+03 
1.593694e-03 2.653822e+03 1.000628e+00 2.653822e+03 2.655489e+03 
1.638434e-03 2.720173e+03 1.000613e+00 2.720173e+03 2.721842e+03 
1.684430e-03 2.787967e+03 1.000602e+00 2.787967e+03 2.789645e+03 
1.731717e-03 2.857226e+03 1.000591e+00 2.857226e+03 2.858916e+03 
1.780332e-03 2.927973e+03 1.000580e+00 2.927973e+03 2.929671e+03 
1.830312e-03 3.000227e+03 1.000565e+00 3.000227e+03 3.001923e+03 
1.881694e-03 3.074006e+03 1.000548e+00 3.074006e+03 3.075690e+03 
1.934520e-03 3.149322e+03 1.000529e+00 3.149322e+03 3.150989e+03 
1.988828e-03 3.226185e+03 1.000511e+00 3.226185e+03 3.227834e+03 
2.044661e-03 3.304604e+03 1.000495e+00 3.304604e+03 3.306242e+03 
2.102061e-03 3.384591e+03 1.000482e+00 3.384591e+03 3.386224e+03 
2.161073e-03 3.466154e+03 1.000472e+00 3.466154e+03 3.467790e+03 
2.221741e-03 3.549302e+03 1.000463e+00 3.549302e+03 3.550947e+03 
2.284112e-03 3.634043e+03 1.000457e+00 3.634043e+03 3.635703e+03 
2.348235e-03 3.720381e+03 1.000451e+00 3.720381e+03 3.722060e+03 
2.414157e-03 3.808322e+03 1.000446e+00 3.808322e+03 3.810021e+03 
2.481930e-03 3.897865e+03 1.000441e+00 3.897865e+03 3.899583e+03 
2.551606e-03 3.989013e+03 1.000434e+00 3.989013e+03 3.990746e+03 
2.623238e-03 4.081761e+03 1.000427e+00 4.081761e+03 4.083503e+03 
2.696881e-03 4.176106e+03 1.000417e+00 4.176106e+03 4.177849e+03 
2.772591e-03 4.272040e+03 1.000406e+00 4.272040e+03 4.273775e+03 
2.850426e-03 4.369553e+03 1.000393e+00 4.369553e+03 4.371270e+03 
2.930447e-03 4.468629e+03 1.000378e+00 4.468629e+03 4.470319e+03 
3.012714e-03 4.569243e+03 1.000364e+00 4.569243e+03 4.570907e+03 
3.097291e-03 4.671368e+03 1.000352e+00 4.671368e+03 4.673012e+03 
3.184242e-03 4.774974e+03 1.000343e+00 4.774974e+03 4.776612e+03 
3.273634e-03 4.880035e+03 1.000337e+00 4.880035e+03 4.881682e+03 
3.365535e-03 4.986530e+03 1.000334e+00 4.986530e+03 4.988193e+03 
3.460016e-03 5.094433e+03 1.000330e+00 5.094433e+03 5.096115e+03 
3.557150e-03 5.203718e+03 1.000325e+00 5.203718e+03 5.205411e+03 
3.657011e-03 5.314341e+03 1.000319e+00 5.314341e+03 5.316039e+03 
3.759675e-03 5.426250e+03 1.000313e+00 5.426250e+03 5.427948e+03 
3.865221e-03 5.539383e+03 1.000307e+00 5.539383e+03 5.541083e+03 
3.973730e-03 5.653674e+03 1.000302e+00 5.653674e+03 5.655384e+03 
4.085286e-03 5.769066e+03 1.000298e+00 5.769066e+03 5.770786e+03 
4.199973e-03 5.885504e+03 1.000293e+00 5.885504e+03 5.887227e+03 
4.317880e-03 6.002933e+03 1.000284e+00 6.002933e+03 6.004635e+03 
4.439097e-03 6.121275e+03 1.000265e+00 6.121275e+03 6.122897e+03 
4.563716e-03 6.240389e+03 1.000264e+00 6.240389e+03 6.242040e+03 
4.691835e-03 6.360353e+03 1.000261e+00 6.360353e+03 6.362015e+03 
4.823549e-03 6.480911e+03 1.000241e+00 6.480911e+03 6.482471e+03 
4.958962e-03 6.601962e+03 1.000247e+00 6.601962e+03 6.603592e+03 
5.098176e-03 6.723504e+03 1.000248e+00 6.716194e+03 6.717858e+03 
5.241298e-03 6.845486e+03 1.000240e+00 6.837840e+03 6.839479e+03 
5.388438e-03 6.967632e+03 1.000250e+00 6.959635e+03 6.961373e+03 
5.539709e-03 7.089938e+03 1.000242e+00 7.081578e+03 7.083292e+03 
5.695227e-03 7.212227e+03 1.000230e+00 7.203490e+03 7.205145e+03 
5.855110e-03 7.334451e+03 1.000231e+00 7.325322e+03 7.327011e+03 
6.019482e-03 7.456325e+03 1.000224e+00 7.446790e+03 7.448458e+03 
6.188468e-03 7.577903e+03 1.000223e+00 7.567947e+03 7.569633e+03 
6.362198e-03 7.698890e+03 1.000214e+00 7.688498e+03 7.690146e+03 
6.540806e-03 7.819250e+03 1.000211e+00 7.808406e+03 7.810054e+03 
6.724427e-03 7.938801e+03 1.000201e+00 7.927489e+03 7.929085e+03 
6.913204e-03 8.058487e+03 1.000197e+00 8.046690e+03 8.048274e+03 
7.107280e-03 8.175864e+03 1.000216e+00 8.163567e+03 8.165334e+03 
7.306804e-03 8.291867e+03 1.000196e+00 8.279054e+03 8.280681e+03 
7.511929e-03 8.406390e+03 1.000197e+00 8.393045e+03 8.394701e+03 
7.722814e-03 8.519145e+03 1.000194e+00 8.505251e+03 8.506903e+03 
7.939618e-03 8.629973e+03 1.000192e+00 8.615512e+03 8.617169e+03 
8.162509e-03 8.738676e+03 1.000189e+00 8.723631e+03 8.725279e+03 
8.391656e-03 8.845048e+03 1.000186e+00 8.829403e+03 8.831045e+03 
8.627237e-03 8.948902e+03 1.000185e+00 8.932639e+03 8.934291e+03 
8.869432e-03 9.049419e+03 1.000182e+00 9.032524e+03 9.034168e+03 
9.118425e-03 9.147405e+03 1.000179e+00 9.129858e+03 9.131495e+03 
9.374409e-03 9.242128e+03 1.000178e+00 9.223913e+03 9.225557e+03 
9.637579e-03 9.333400e+03 1.000175e+00 9.314501e+03 9.316134e+03 
9.908137e-03 9.420917e+03 1.000175e+00 9.401318e+03 9.402960e+03 
1.018629e-02 9.504454e+03 1.000171e+00 9.484138e+03 9.485762e+03 
1.047225e-02 9.583764e+03 1.000170e+00 9.562717e+03 9.564344e+03 
1.076624e-02 9.658762e+03 1.000170e+00 9.636968e+03 9.638602e+03 
1.106848e-02 9.728771e+03 1.000169e+00 9.706216e+03 9.707856e+03 
1.137921e-02 9.793823e+03 1.000166e+00 9.770494e+03 9.772117e+03 
1.169866e-02 9.853518e+03 1.000166e+00 9.829404e+03 9.831033e+03 
1.202708e-02 9.907588e+03 1.000164e+00 9.882677e+03 9.884299e+03 
1.236472e-02 9.955848e+03 1.000163e+00 9.930130e+03 9.931749e+03 
1.271184e-02 9.997839e+03 1.000163e+00 9.971305e+03 9.972929e+03 
1.306870e-02 1.003348e+04 1.000162e+00 1.000612e+04 1.000774e+04 
1.343558e-02 1.006241e+04 1.000161e+00 1.003423e+04 1.003584e+04 
1.381276e-02 1.008432e+04 1.000159e+00 1.005531e+04 1.005690e+04 
1.420053e-02 1.009907e+04 1.000159e+00 1.006922e+04 1.007082e+04 
1.459919e-02 1.010623e+04 1.000159e+00 1.007556e+04 1.007716e+04 
1.500903e-02 1.010567e+04 1.000160e+00 1.007417e+04 1.007577e+04 
1.543038e-02 1.009711e+04 1.000160e+00 1.006478e+04 1.006639e+04 
1.586357e-02 1.008028e+04 1.000159e+00 1.004714e+04 1.004874e+04 
1.630891e-02 1.005507e+04 1.000161e+00 1.002113e+04 1.002275e+04 
1.676675e-02 1.002122e+04 1.000158e+00 9.986504e+03 9.988084e+03 
1.723745e-02 9.978589e+03 1.000162e+00 9.943114e+03 9.944727e+03 
1.772136e-02 9.927007e+03 1.000160e+00 9.890796e+03 9.892380e+03 
1.821885e-02 9.866368e+03 1.000161e+00 9.829451e+03 9.831038e+03 
1.873032e-02 9.796592e+03 1.000162e+00 9.759002e+03 9.760579e+03 
1.925614e-02 9.717612e+03 1.000163e+00 9.679388e+03 9.680967e+03 
1.979672e-02 9.629392e+03 1.000164e+00 9.590578e+03 9.592150e+03 
2.035248e-02 9.532010e+03 1.000166e+00 9.492656e+03 9.494232e+03 
2.092383e-02 9.425487e+03 1.000165e+00 9.385646e+03 9.387198e+03 
2.151123e-02 9.309957e+03 1.000170e+00 9.269690e+03 9.271266e+03 
2.211512e-02 9.185629e+03 1.000173e+00 9.145002e+03 9.146583e+03 
2.273597e-02 9.052710e+03 1.000174e+00 9.011794e+03 9.013363e+03 
2.337424e-02 8.911476e+03 1.000178e+00 8.870347e+03 8.871927e+03 
2.403043e-02 8.762428e+03 1.000175e+00 8.721167e+03 8.722697e+03 
2.470504e-02 8.605806e+03 1.000182e+00 8.564499e+03 8.566058e+03 
2.539859e-02 8.442305e+03 1.000183e+00 8.401042e+03 8.402581e+03 
2.611161e-02 8.272304e+03 1.000187e+00 8.231179e+03 8.232722e+03 
2.684465e-02 8.096517e+03 1.000193e+00 8.055627e+03 8.057179e+03 
2.759826e-02 7.915614e+03 1.000196e+00 7.875058e+03 7.876599e+03 
2.837304e-02 7.730295e+03 1.000200e+00 7.690173e+03 7.691711e+03 
2.916956e-02 7.541404e+03 1.000206e+00 7.501817e+03 7.503364e+03 
2.998844e-02 7.349799e+03 1.000209e+00 7.310845e+03 7.312375e+03 
3.083031e-02 7.156294e+03 1.000217e+00 7.118071e+03 7.119615e+03 
3.169582e-02 6.961911e+03 1.000220e+00 6.924511e+03 6.926034e+03 
3.258562e-02 6.767546e+03 1.000224e+00 6.731058e+03 6.732565e+03 
3.350041e-02 6.574184e+03 1.000232e+00 6.538689e+03 6.540207e+03 
3.444087e-02 6.382814e+03 1.000238e+00 6.348383e+03 6.349897e+03 
3.540774e-02 6.194386e+03 1.000244e+00 6.161084e+03 6.162589e+03 
3.640175e-02 6.009739e+03 1.000250e+00 5.977619e+03 5.979116e+03 
3.742366e-02 5.829882e+03 1.000256e+00 5.798982e+03 5.800467e+03 
3.847427e-02 5.655746e+03 1.000264e+00 5.626092e+03 5.627580e+03 
3.955436e-02 5.488064e+03 1.000274e+00 5.459665e+03 5.461160e+03 
4.066478e-02 5.327411e+03 1.000278e+00 5.300264e+03 5.301735e+03 
4.180637e-02 5.174318e+03 1.000285e+00 5.148403e+03 5.149867e+03 
4.298001e-02 5.029270e+03 1.000296e+00 5.004552e+03 5.006033e+03 
4.418660e-02 4.892774e+03 1.000302e+00 4.869199e+03 4.870671e+03 
4.542706e-02 4.764869e+03 1.000304e+00 4.742371e+03 4.743815e+03 
4.670234e-02 4.645361e+03 1.000320e+00 4.623863e+03 4.625341e+03 
4.801343e-02 4.534103e+03 1.000329e+00 4.513517e+03 4.515000e+03 
4.936132e-02 4.430826e+03 1.000326e+00 4.411053e+03 4.412493e+03 
5.074705e-02 4.334943e+03 1.000331e+00 4.315880e+03 4.317309e+03 
5.217169e-02 4.245617e+03 1.000343e+00 4.227163e+03 4.228614e+03 
5.363631e-02 4.161796e+03 1.000343e+00 4.143857e+03 4.145280e+03 
5.514206e-02 4.082271e+03 1.000357e+00 4.064766e+03 4.066217e+03 
5.669007e-02 4.006634e+03 1.000363e+00 3.989481e+03 3.990928e+03 
5.828155e-02 3.933558e+03 1.000364e+00 3.916693e+03 3.918119e+03 
5.991770e-02 3.858013e+03 1.000373e+00 3.841496e+03 3.842929e+03 
6.159978e-02 3.780371e+03 1.000378e+00 3.764257e+03 3.765679e+03 
6.332908e-02 3.699033e+03 1.000389e+00 3.683431e+03 3.684864e+03 
6.510694e-02 3.612399e+03 1.000387e+00 3.597474e+03 3.598868e+03 
6.693470e-02 3.519145e+03 1.000401e+00 3.505123e+03 3.506528e+03 
6.881377e-02 3.418304e+03 1.000413e+00 3.405467e+03 3.406875e+03 
7.074559e-02 3.309339e+03 1.000425e+00 3.298014e+03 3.299414e+03 
7.273165e-02 3.192171e+03 1.000442e+00 3.182722e+03 3.184129e+03 
7.477346e-02 3.067377e+03 1.000454e+00 3.060180e+03 3.061569e+03 
7.687260e-02 2.935995e+03 1.000474e+00 2.931421e+03 2.932811e+03 
7.903066e-02 2.799723e+03 1.000496e+00 2.798110e+03 2.799498e+03 
8.124930e-02 2.660838e+03 1.000523e+00 2.662461e+03 2.663853e+03 
8.353023e-02 2.521806e+03 1.000546e+00 2.526857e+03 2.528236e+03 
8.587519e-02 2.385372e+03 1.000586e+00 2.393947e+03 2.395350e+03 
8.828599e-02 2.254470e+03 1.000616e+00 2.266539e+03 2.267936e+03 
9.076446e-02 2.131639e+03 1.000638e+00 2.147058e+03 2.148428e+03 
9.331251e-02 2.019105e+03 1.000685e+00 2.037618e+03 2.039012e+03 
9.593209e-02 1.918519e+03 1.000707e+00 1.939766e+03 1.941138e+03 
9.862522e-02 1.830853e+03 1.000738e+00 1.854398e+03 1.855766e+03 
1.013939e-01 1.756279e+03 1.000764e+00 1.781633e+03 1.782994e+03 
1.042404e-01 1.694018e+03 1.000807e+00 1.720683e+03 1.722070e+03 
1.071668e-01 1.642637e+03 1.000835e+00 1.670132e+03 1.671527e+03 
1.101753e-01 1.599748e+03 1.000839e+00 1.627670e+03 1.629035e+03 
1.132683e-01 1.562228e+03 1.000868e+00 1.590295e+03 1.591675e+03 
1.164481e-01 1.526656e+03 1.000869e+00 1.554751e+03 1.556102e+03 
1.197171e-01 1.489407e+03 1.000896e+00 1.517612e+03 1.518971e+03 
1.230780e-01 1.447383e+03 1.000923e+00 1.475975e+03 1.477338e+03 
1.265332e-01 1.398134e+03 1.000962e+00 1.427575e+03 1.428948e+03 
1.300854e-01 1.340450e+03 1.000984e+00 1.371321e+03 1.372670e+03 
1.337373e-01 1.274775e+03 1.001035e+00 1.307680e+03 1.309033e+03 
1.374917e-01 1.203057e+03 1.001094e+00 1.238516e+03 1.239871e+03 
1.413516e-01 1.128536e+03 1.001162e+00 1.166884e+03 1.168239e+03 
1.453198e-01 1.055046e+03 1.001237e+00 1.096374e+03 1.097731e+03 
1.493993e-01 9.865071e+02 1.001319e+00 1.030633e+03 1.031992e+03 
1.535935e-01 9.261057e+02 1.001399e+00 9.726043e+02 9.739648e+02 
1.579053e-01 8.757271e+02 1.001477e+00 9.240053e+02 9.253700e+02 
1.623382e-01 8.356817e+02 1.001541e+00 8.850782e+02 8.864423e+02 
1.668956e-01 8.046952e+02 1.001596e+00 8.545930e+02 8.559565e+02 
1.715809e-01 7.800300e+02 1.001642e+00 8.299758e+02 8.313389e+02 
1.763977e-01 7.579662e+02 1.001685e+00 8.077705e+02 8.091315e+02 
1.813498e-01 7.347150e+02 1.001731e+00 7.844913e+02 7.858494e+02 
1.864409e-01 7.072339e+02 1.001795e+00 7.573701e+02 7.587294e+02 
1.916748e-01 6.740666e+02 1.001877e+00 7.251114e+02 7.264727e+02 
1.970558e-01 6.359136e+02 1.001983e+00 6.883926e+02 6.897575e+02 
2.025878e-01 5.952732e+02 1.002111e+00 6.495155e+02 6.508865e+02 
2.082751e-01 5.555823e+02 1.002247e+00 6.116136e+02 6.129879e+02 
2.141220e-01 5.201163e+02 1.002394e+00 5.776492e+02 5.790322e+02 
2.201331e-01 4.908207e+02 1.002526e+00 5.493588e+02 5.507466e+02 
2.263130e-01 4.678312e+02 1.002637e+00 5.268303e+02 5.282195e+02 
2.326663e-01 4.495001e+02 1.002737e+00 5.085444e+02 5.099362e+02 
2.391980e-01 4.330105e+02 1.002827e+00 4.919474e+02 4.933384e+02 
2.459130e-01 4.155466e+02 1.002940e+00 4.745141e+02 4.759091e+02 
2.528166e-01 3.953733e+02 1.003078e+00 4.547096e+02 4.561091e+02 
2.599140e-01 3.726454e+02 1.003248e+00 4.326941e+02 4.340995e+02 
2.672106e-01 3.490919e+02 1.003449e+00 4.100205e+02 4.114345e+02 
2.747121e-01 3.270893e+02 1.003663e+00 3.887978e+02 3.902220e+02 
2.824241e-01 3.082911e+02 1.003866e+00 3.704764e+02 3.719086e+02 
2.903527e-01 2.929282e+02 1.004049e+00 3.552388e+02 3.566770e+02 
2.985038e-01 2.797558e+02 1.004210e+00 3.419701e+02 3.434099e+02 
3.068838e-01 2.669543e+02 1.004398e+00 3.290657e+02 3.305129e+02 
3.154990e-01 2.532202e+02 1.004605e+00 3.153901e+02 3.168423e+02 
3.243561e-01 2.385363e+02 1.004855e+00 3.009381e+02 3.023992e+02 
3.334618e-01 2.239758e+02 1.005145e+00 2.866489e+02 2.881239e+02 
3.428231e-01 2.107795e+02 1.005425e+00 2.735946e+02 2.750788e+02 
3.524473e-01 1.994125e+02 1.005691e+00 2.621660e+02 2.636579e+02 
3.623416e-01 1.893329e+02 1.005957e+00 2.518852e+02 2.533856e+02 
3.725137e-01 1.795635e+02 1.006243e+00 2.419085e+02 2.434187e+02 
3.829714e-01 1.695568e+02 1.006548e+00 2.317694e+02 2.332870e+02 
3.937226e-01 1.595513e+02 1.006903e+00 2.216743e+02 2.232044e+02 
4.047757e-01 1.501805e+02 1.007271e+00 2.121603e+02 2.137029e+02 
4.161391e-01 1.417771e+02 1.007634e+00 2.035036e+02 2.050570e+02 
4.278214e-01 1.340933e+02 1.007998e+00 1.954887e+02 1.970522e+02 
4.398317e-01 1.266702e+02 1.008385e+00 1.877277e+02 1.893018e+02 
4.521792e-01 1.193480e+02 1.008805e+00 1.800869e+02 1.816726e+02 
4.648734e-01 1.123419e+02 1.009254e+00 1.727452e+02 1.743438e+02 
4.779239e-01 1.058750e+02 1.009705e+00 1.658850e+02 1.674948e+02 
4.913407e-01 9.988659e+01 1.010160e+00 1.594522e+02 1.610723e+02 
5.051342e-01 9.417127e+01 1.010651e+00 1.532758e+02 1.549083e+02 
5.193150e-01 8.866380e+01 1.011167e+00 1.473013e+02 1.489462e+02 
5.338938e-01 8.345573e+01 1.011704e+00 1.416020e+02 1.432593e+02 
5.488820e-01 7.860211e+01 1.012252e+00 1.362202e+02 1.378892e+02 
5.642908e-01 7.402913e+01 1.012811e+00 1.310943e+02 1.327737e+02 
5.801323e-01 6.967088e+01 1.013397e+00 1.261698e+02 1.278600e+02 
5.964185e-01 6.554403e+01 1.014032e+00 1.214587e+02 1.231630e+02 
6.131619e-01 6.167195e+01 1.014648e+00 1.169780e+02 1.186915e+02 
6.303753e-01 5.802136e+01 1.015289e+00 1.126996e+02 1.144227e+02 
6.480720e-01 5.456685e+01 1.015960e+00 1.086023e+02 1.103356e+02 
6.662655e-01 5.130515e+01 1.016655e+00 1.046822e+02 1.064256e+02 
6.849697e-01 4.823142e+01 1.017365e+00 1.009341e+02 1.026869e+02 
7.041990e-01 4.533721e+01 1.018089e+00 9.735030e+01 9.911124e+01 
7.239681e-01 4.261025e+01 1.018828e+00 9.392001e+01 9.568831e+01 
7.442922e-01 4.003796e+01 1.019584e+00 9.063254e+01 9.240752e+01 
7.651869e-01 3.761368e+01 1.020357e+00 8.748172e+01 8.926261e+01 
7.866682e-01 3.532959e+01 1.021145e+00 8.446058e+01 8.624646e+01 
8.087525e-01 3.317828e+01 1.021945e+00 8.156254e+01 8.335241e+01 
8.314568e-01 3.115329e+01 1.022756e+00 7.878181e+01 8.057461e+01 
8.547985e-01 2.924639e+01 1.023580e+00 7.611136e+01 7.790606e+01 
8.787954e-01 2.745161e+01 1.024413e+00 7.354592e+01 7.534142e+01 
9.034660e-01 2.576311e+01 1.025255e+00 7.108033e+01 7.287546e+01 
9.288292e-01 2.417415e+01 1.026103e+00 6.870893e+01 7.050245e+01 
9.549045e-01 2.267997e+01 1.026957e+00 6.642747e+01 6.821819e+01 
9.817117e-01 2.127474e+01 1.027812e+00 6.423106e+01 6.601748e+01 
1.009272e+00 1.995307e+01 1.028671e+00 6.211517e+01 6.389607e+01 
1.037605e+00 1.871090e+01 1.029530e+00 6.007625e+01 6.185031e+01 
1.066734e+00 1.754305e+01 1.030390e+00 5.811006e+01 5.987600e+01 
1.096681e+00 1.644560e+01 1.031247e+00 5.621324e+01 5.796976e+01 
1.127468e+00 1.541481e+01 1.032102e+00 5.438262e+01 5.612838e+01 
1.159120e+00 1.444629e+01 1.032951e+00 5.261466e+01 5.434834e+01 
1.191660e+00 1.353688e+01 1.033793e+00 5.090667e+01 5.262695e+01 
1.225114e+00 1.268285e+01 1.034627e+00 4.925565e+01 5.096123e+01 
1.259506e+00 1.188066e+01 1.035453e+00 4.765879e+01 4.934842e+01 
1.294865e+00 1.112786e+01 1.036268e+00 4.611396e+01 4.778641e+01 
1.331216e+00 1.042129e+01 1.037072e+00 4.461867e+01 4.627276e+01 
1.368587e+00 9.758330e+00 1.037864e+00 4.317080e+01 4.480540e+01 
1.407008e+00 9.136485e+00 1.038643e+00 4.176833e+01 4.338237e+01 
1.446507e+00 8.552810e+00 1.039409e+00 4.040906e+01 4.200155e+01 
1.487115e+00 8.005381e+00 1.040162e+00 3.909137e+01 4.066137e+01 
1.528864e+00 7.492061e+00 1.040900e+00 3.781359e+01 3.936018e+01 
1.571784e+00 7.010673e+00 1.041623e+00 3.657404e+01 3.809637e+01 
1.615909e+00 6.559560e+00 1.042330e+00 3.537136e+01 3.686865e+01 
1.661273e+00 6.136628e+00 1.043022e+00 3.420402e+01 3.567554e+01 
1.707910e+00 5.740190e+00 1.043698e+00 3.307071e+01 3.451582e+01 
1.755856e+00 5.368798e+00 1.044357e+00 3.197026e+01 3.338836e+01 
1.805149e+00 5.020696e+00 1.045000e+00 3.090141e+01 3.229196e+01 
1.855825e+00 4.694649e+00 1.045626e+00 2.986317e+01 3.122570e+01 
1.907924e+00 4.389307e+00 1.046237e+00 2.885449e+01 3.018862e+01 
1.961486e+00 4.103264e+00 1.046832e+00 2.787437e+01 2.917979e+01 
2.016551e+00 3.835513e+00 1.047413e+00 2.692197e+01 2.819841e+01 
2.073162e+00 3.584794e+00 1.047977e+00 2.599639e+01 2.724362e+01 
2.131362e+00 3.350048e+00 1.048525e+00 2.509684e+01 2.631467e+01 
2.191197e+00 3.130393e+00 1.049059e+00 2.422259e+01 2.541092e+01 
2.252711e+00 2.924744e+00 1.049579e+00 2.337288e+01 2.453169e+01 
2.315951e+00 2.732327e+00 1.050087e+00 2.254708e+01 2.367639e+01 
2.380968e+00 2.552328e+00 1.050580e+00 2.174455e+01 2.284440e+01 
2.447809e+00 2.383874e+00 1.051061e+00 2.096467e+01 2.203514e+01 
2.516527e+00 2.226352e+00 1.051528e+00 2.020689e+01 2.124810e+01 
2.587174e+00 2.079004e+00 1.051982e+00 1.947065e+01 2.048278e+01 
2.659804e+00 1.941177e+00 1.052425e+00 1.875543e+01 1.973869e+01 
2.734474e+00 1.812347e+00 1.052856e+00 1.806076e+01 1.901539e+01 
2.811239e+00 1.691864e+00 1.053277e+00 1.738615e+01 1.831243e+01 
2.890160e+00 1.579248e+00 1.053686e+00 1.673116e+01 1.762939e+01 
2.971296e+00 1.474009e+00 1.054085e+00 1.609534e+01 1.696586e+01 
3.054710e+00 1.375609e+00 1.054475e+00 1.547828e+01 1.632146e+01 
3.140465e+00 1.283677e+00 1.054856e+00 1.487957e+01 1.569581e+01 
3.228628e+00 1.197770e+00 1.055228e+00 1.429883e+01 1.508852e+01 
3.319266e+00 1.117485e+00 1.055592e+00 1.373566e+01 1.449925e+01 
3.412449e+00 1.042513e+00 1.055948e+00 1.318972e+01 1.392765e+01 
3.508247e+00 9.724637e-01 1.056297e+00 1.266062e+01 1.337337e+01 
3.606735e+00 9.070434e-01 1.056639e+00 1.214803e+01 1.283607e+01 
3.707988e+00 8.459644e-01 1.056975e+00 1.165159e+01 1.231544e+01 
3.812083e+00 7.889025e-01 1.057305e+00 1.117098e+01 1.181113e+01 
3.919100e+00 7.356372e-01 1.057630e+00 1.070585e+01 1.132284e+01 
4.029122e+00 6.859102e-01 1.057951e+00 1.025590e+01 1.085024e+01 
4.142232e+00 6.394782e-01 1.058268e+00 9.820782e+00 1.039302e+01 
4.258518e+00 5.961549e-01 1.058582e+00 9.400197e+00 9.950877e+00 
4.378069e+00 5.557079e-01 1.058893e+00 8.993828e+00 9.523500e+00 
4.500975e+00 5.179596e-01 1.059202e+00 8.601366e+00 9.110583e+00 
4.627332e+00 4.827467e-01 1.059509e+00 8.222507e+00 8.711823e+00 
4.757236e+00 4.498795e-01 1.059816e+00 7.856948e+00 8.326919e+00 
4.890787e+00 4.192245e-01 1.060122e+00 7.504391e+00 7.955570e+00 
5.028087e+00 3.906287e-01 1.060428e+00 7.164538e+00 7.597479e+00 
5.169242e+00 3.639445e-01 1.060736e+00 6.837093e+00 7.252350e+00 
5.314359e+00 3.390649e-01 1.061044e+00 6.521766e+00 6.919883e+00 
5.463550e+00 3.158572e-01 1.061355e+00 6.218264e+00 6.599785e+00 
5.616930e+00 2.942145e-01 1.061667e+00 5.926298e+00 6.291757e+00 
5.774615e+00 2.740409e-01 1.061983e+00 5.645582e+00 5.995510e+00 
5.936727e+00 2.552234e-01 1.062213e+00 5.375827e+00 5.710275e+00 
6.103390e+00 2.376836e-01 1.062624e+00 5.116750e+00 5.437183e+00 
6.274732e+00 2.213353e-01 1.062950e+00 4.868067e+00 5.174514e+00 
6.450884e+00 2.060916e-01 1.063281e+00 4.629495e+00 4.922455e+00 
6.631981e+00 1.918892e-01 1.063615e+00 4.400753e+00 4.680708e+00 
6.818162e+00 1.786504e-01 1.063954e+00 4.181561e+00 4.448987e+00 
7.009570e+00 1.663111e-01 1.064297e+00 3.971640e+00 4.227004e+00 
7.206351e+00 1.548174e-01 1.064644e+00 3.770713e+00 4.014469e+00 
7.408657e+00 1.441042e-01 1.064997e+00 3.578504e+00 3.811095e+00 
7.616642e+00 1.341248e-01 1.065353e+00 3.394740e+00 3.616597e+00 
7.830465e+00 1.248295e-01 1.065714e+00 3.219148e+00 3.430692e+00 
8.050292e+00 1.161667e-01 1.066079e+00 3.051459e+00 3.253098e+00 
8.276289e+00 1.081006e-01 1.066448e+00 2.891407e+00 3.083537e+00 
8.508632e+00 1.005873e-01 1.066822e+00 2.738728e+00 2.921734e+00 
8.747496e+00 9.358912e-02 1.067198e+00 2.593160e+00 2.767416e+00 
8.993067e+00 8.707488e-02 1.067578e+00 2.454447e+00 2.620315e+00 
9.245531e+00 8.100644e-02 1.067962e+00 2.322336e+00 2.480166e+00 
9.505083e+00 7.535660e-02 1.068348e+00 2.196578e+00 2.346709e+00 
9.771921e+00 7.009763e-02 1.068736e+00 2.076927e+00 2.219688e+00 
1.004625e+01 6.519971e-02 1.069128e+00 1.963145e+00 2.098854e+00 
1.032828e+01 6.064191e-02 1.069522e+00 1.854996e+00 1.983960e+00 
1.061823e+01 5.639895e-02 1.069918e+00 1.752252e+00 1.874765e+00 
1.091632e+01 5.244861e-02 1.070315e+00 1.654687e+00 1.771037e+00 
1.122277e+01 4.877338e-02 1.070714e+00 1.562084e+00 1.672545e+00 
1.153783e+01 4.535174e-02 1.071115e+00 1.474229e+00 1.579068e+00 
1.186174e+01 4.216784e-02 1.071516e+00 1.390916e+00 1.490389e+00 
1.219473e+01 3.920613e-02 1.071917e+00 1.311945e+00 1.406296e+00 
1.253708e+01 3.644934e-02 1.072319e+00 1.237120e+00 1.326588e+00 
1.288904e+01 3.388532e-02 1.072722e+00 1.166253e+00 1.251065e+00 
1.325087e+01 3.149970e-02 1.073124e+00 1.099161e+00 1.179537e+00 
1.362287e+01 2.927948e-02 1.073526e+00 1.035669e+00 1.111817e+00 
1.400531e+01 2.721499e-02 1.073928e+00 9.756049e-01 1.047730e+00 
1.439848e+01 2.529421e-02 1.074329e+00 9.188059e-01 9.870997e-01 
1.480269e+01 2.350787e-02 1.074729e+00 8.651136e-01 9.297628e-01 
1.521825e+01 2.184707e-02 1.075128e+00 8.143759e-01 8.755585e-01 
1.564548e+01 2.030175e-02 1.075527e+00 7.664466e-01 8.243340e-01 
1.608469e+01 1.886506e-02 1.075924e+00 7.211853e-01 7.759403e-01 
1.653624e+01 1.752917e-02 1.076318e+00 6.784573e-01 7.302358e-01 
1.700047e+01 1.628662e-02 1.076714e+00 6.381334e-01 6.870871e-01 
1.747773e+01 1.513184e-02 1.077103e+00 6.000901e-01 6.463590e-01 
1.796838e+01 1.405790e-02 1.077492e+00 5.642088e-01 6.079305e-01 
1.847281e+01 1.305943e-02 1.077879e+00 5.303766e-01 5.716816e-01 
1.899141e+01 1.213157e-02 1.078271e+00 4.984852e-01 5.375021e-01 
1.952456e+01 1.126868e-02 1.078646e+00 4.684314e-01 5.052719e-01 
2.007267e+01 1.046685e-02 1.079029e+00 4.401169e-01 4.748991e-01 
2.063618e+01 9.721673e-03 1.079411e+00 4.134476e-01 4.462797e-01 
2.121550e+01 9.028851e-03 1.079788e+00 3.883342e-01 4.193185e-01 
2.181109e+01 8.385244e-03 1.080162e+00 3.646916e-01 3.939260e-01 
2.242340e+01 7.786987e-03 1.080535e+00 3.424387e-01 3.700170e-01 
2.305289e+01 7.230977e-03 1.080898e+00 3.214985e-01 3.475072e-01 
2.370006e+01 6.714535e-03 1.081258e+00 3.017979e-01 3.263215e-01 
2.436540e+01 6.234481e-03 1.081617e+00 2.832674e-01 3.063868e-01 
2.504942e+01 5.788567e-03 1.081994e+00 2.658409e-01 2.876383e-01 
2.575263e+01 5.374355e-03 1.082345e+00 2.494560e-01 2.699975e-01 
2.647559e+01 4.989373e-03 1.082693e+00 2.340532e-01 2.534077e-01 
2.721885e+01 4.631878e-03 1.083041e+00 2.195764e-01 2.378102e-01 
2.798297e+01 4.299737e-03 1.083410e+00 2.059723e-01 2.231525e-01 
2.876854e+01 3.991171e-03 1.083751e+00 1.931905e-01 2.093704e-01 
2.957617e+01 3.704696e-03 1.084077e+00 1.811832e-01 1.964165e-01 
3.040646e+01 3.438519e-03 1.084408e+00 1.699053e-01 1.842466e-01 
3.126007e+01 3.191356e-03 1.084753e+00 1.593141e-01 1.728165e-01 
3.213764e+01 2.961866e-03 1.085098e+00 1.493693e-01 1.620803e-01 
3.303985e+01 2.748646e-03 1.085415e+00 1.400329e-01 1.519938e-01 
3.396739e+01 2.550723e-03 1.085725e+00 1.312687e-01 1.425216e-01 
3.492096e+01 2.366925e-03 1.086063e+00 1.230428e-01 1.336322e-01 
3.590130e+01 2.196236e-03 1.086396e+00 1.153231e-01 1.252865e-01 
3.690917e+01 2.037830e-03 1.086695e+00 1.080794e-01 1.174493e-01 
3.794533e+01 1.890701e-03 1.086995e+00 1.012832e-01 1.100943e-01 
3.901058e+01 1.754122e-03 1.087332e+00 9.490751e-02 1.031959e-01 
4.010573e+01 1.627365e-03 1.087639e+00 8.892703e-02 9.672047e-02 
4.123163e+01 1.509642e-03 1.087917e+00 8.331784e-02 9.064293e-02 
4.238913e+01 1.400407e-03 1.088230e+00 7.805744e-02 8.494443e-02 
4.357913e+01 1.299012e-03 1.088550e+00 7.312463e-02 7.959983e-02 
4.480254e+01 1.204877e-03 1.088815e+00 6.849947e-02 7.458328e-02 
4.606029e+01 1.117547e-03 1.089111e+00 6.416316e-02 6.988078e-02 
4.735335e+01 1.036465e-03 1.089425e+00 6.009803e-02 6.547231e-02 
4.868271e+01 9.612189e-04 1.089706e+00 5.628745e-02 6.133676e-02 
5.004939e+01 8.914137e-04 1.089968e+00 5.271577e-02 5.745853e-02 
5.145444e+01 8.266094e-04 1.090278e+00 4.936829e-02 5.382518e-02 
5.289893e+01 7.664988e-04 1.090527e+00 4.623118e-02 5.041636e-02 
5.438397e+01 7.107242e-04 1.090812e+00 4.329142e-02 4.722281e-02 
5.591071e+01 6.589557e-04 1.091117e+00 4.053681e-02 4.423039e-02 
5.748030e+01 6.109463e-04 1.091338e+00 3.795586e-02 4.142269e-02 
5.909396e+01 5.663922e-04 1.091643e+00 3.553778e-02 3.879458e-02 
6.075292e+01 5.250592e-04 1.091883e+00 3.327244e-02 3.632961e-02 
6.245845e+01 4.867302e-04 1.092157e+00 3.115032e-02 3.402103e-02 
6.421186e+01 4.511575e-04 1.092420e+00 2.916248e-02 3.185769e-02 
6.601449e+01 4.181703e-04 1.092667e+00 2.730054e-02 2.983040e-02 
6.786773e+01 3.875756e-04 1.092942e+00 2.555661e-02 2.793188e-02 
6.977300e+01 3.591881e-04 1.093185e+00 2.392330e-02 2.615259e-02 
7.173175e+01 3.328716e-04 1.093442e+00 2.239367e-02 2.448619e-02 
7.374549e+01 3.084587e-04 1.093681e+00 2.096122e-02 2.292488e-02 
7.581576e+01 2.858168e-04 1.093947e+00 1.961982e-02 2.146304e-02 
7.794416e+01 2.648283e-04 1.094177e+00 1.836375e-02 2.009319e-02 
8.013230e+01 2.453560e-04 1.093335e+00 1.718764e-02 1.879185e-02 
8.238187e+01 2.273055e-04 1.094651e+00 1.608643e-02 1.760903e-02 
8.469460e+01 2.105731e-04 1.094930e+00 1.505540e-02 1.648461e-02 
8.707225e+01 1.950541e-04 1.095135e+00 1.409012e-02 1.543059e-02 
8.951665e+01 1.806697e-04 1.095401e+00 1.318642e-02 1.444443e-02 
9.202967e+01 1.673242e-04 1.095637e+00 1.234041e-02 1.352061e-02 
9.461324e+01 1.549500e-04 1.095854e+00 1.154844e-02 1.265540e-02 
9.726934e+01 1.435014e-04 1.096021e+00 1.080706e-02 1.184477e-02 
1.000000e+02 1.329126e-04 1.096338e+00 1.011308e-02 1.108736e-02 
