0.000000000000000000e+00
4.081632653061224164e-02
8.163265306122448328e-02
1.224489795918367319e-01
1.632653061224489666e-01
2.040816326530612013e-01
2.448979591836734637e-01
2.857142857142856984e-01
3.265306122448979331e-01
3.673469387755101678e-01
4.081632653061224025e-01
4.489795918367346372e-01
4.897959183673469274e-01
5.306122448979591066e-01
5.714285714285713969e-01
6.122448979591835760e-01
6.530612244897958663e-01
6.938775510204081565e-01
7.346938775510203357e-01
7.755102040816326259e-01
8.163265306122448051e-01
8.571428571428570953e-01
8.979591836734692745e-01
9.387755102040815647e-01
9.795918367346938549e-01
1.020408163265306145e+00
1.061224489795918213e+00
1.102040816326530503e+00
1.142857142857142794e+00
1.183673469387755084e+00
1.224489795918367152e+00
1.265306122448979442e+00
1.306122448979591733e+00
1.346938775510204023e+00
1.387755102040816313e+00
1.428571428571428381e+00
1.469387755102040671e+00
1.510204081632652962e+00
1.551020408163265252e+00
1.591836734693877320e+00
1.632653061224489610e+00
1.673469387755101900e+00
1.714285714285714191e+00
1.755102040816326481e+00
1.795918367346938549e+00
1.836734693877550839e+00
1.877551020408163129e+00
1.918367346938775420e+00
1.959183673469387710e+00
2.000000000000000000e+00
