1.691730e-05 1.000000e+00
1.700210e-05 1.000000e+00
1.708730e-05 1.000000e+00
1.717290e-05 1.000000e+00
1.725900e-05 1.000000e+00
1.734550e-05 1.000000e+00
1.743250e-05 1.000000e+00
1.751990e-05 1.000000e+00
1.760770e-05 1.000000e+00
1.769590e-05 1.000000e+00
1.778460e-05 1.000000e+00
1.787380e-05 1.000000e+00
1.796340e-05 1.000000e+00
1.805340e-05 1.000000e+00
1.814390e-05 1.000000e+00
1.823490e-05 1.000000e+00
1.832630e-05 1.000000e+00
1.841810e-05 1.000000e+00
1.851040e-05 1.000000e+00
1.860320e-05 1.000000e+00
1.869650e-05 1.000000e+00
1.879020e-05 1.000000e+00
1.888440e-05 1.000000e+00
1.897900e-05 1.000000e+00
1.907420e-05 1.000000e+00
1.916980e-05 1.000000e+00
1.926590e-05 1.000000e+00
1.936240e-05 1.000000e+00
1.945950e-05 1.000000e+00
1.955700e-05 1.000000e+00
1.965510e-05 1.000000e+00
1.975360e-05 1.000000e+00
1.985260e-05 1.000000e+00
1.995210e-05 1.000000e+00
2.005210e-05 1.000000e+00
2.015260e-05 1.000000e+00
2.025360e-05 1.000000e+00
2.035520e-05 1.000000e+00
2.045720e-05 1.000000e+00
2.055970e-05 1.000000e+00
2.066280e-05 1.000000e+00
2.076640e-05 1.000000e+00
2.087050e-05 1.000000e+00
2.097510e-05 1.000000e+00
2.108020e-05 1.000000e+00
2.118590e-05 1.000000e+00
2.129210e-05 1.000000e+00
2.139880e-05 1.000000e+00
2.150610e-05 1.000000e+00
2.161390e-05 1.000000e+00
2.172220e-05 1.000000e+00
2.183110e-05 1.000000e+00
2.194050e-05 1.000000e+00
2.205050e-05 1.000000e+00
2.216100e-05 1.000000e+00
2.227210e-05 1.000000e+00
2.238370e-05 1.000000e+00
2.249590e-05 1.000000e+00
2.260870e-05 1.000000e+00
2.272200e-05 1.000000e+00
2.283590e-05 1.000000e+00
2.295040e-05 1.000000e+00
2.306540e-05 1.000000e+00
2.318100e-05 1.000000e+00
2.329720e-05 1.000000e+00
2.341400e-05 1.000000e+00
2.353140e-05 1.000000e+00
2.364930e-05 1.000000e+00
2.376790e-05 1.000000e+00
2.388700e-05 1.000000e+00
2.400670e-05 1.000000e+00
2.412710e-05 1.000000e+00
2.424800e-05 1.000000e+00
2.436960e-05 1.000000e+00
2.449170e-05 1.000000e+00
2.461450e-05 1.000000e+00
2.473790e-05 1.000000e+00
2.486190e-05 1.000000e+00
2.498650e-05 1.000000e+00
2.511170e-05 1.000000e+00
2.523760e-05 1.000000e+00
2.536410e-05 1.000000e+00
2.549120e-05 1.000000e+00
2.561900e-05 1.000000e+00
2.574740e-05 1.000000e+00
2.587650e-05 1.000000e+00
2.600620e-05 1.000000e+00
2.613650e-05 1.000000e+00
2.626760e-05 1.000000e+00
2.639920e-05 1.000000e+00
2.653160e-05 1.000000e+00
2.666450e-05 1.000000e+00
2.679820e-05 1.000000e+00
2.693250e-05 1.000000e+00
2.706750e-05 1.000000e+00
2.720320e-05 1.000000e+00
2.733960e-05 1.000000e+00
2.747660e-05 1.000000e+00
2.761430e-05 1.000000e+00
2.775270e-05 1.000000e+00
2.789190e-05 1.000000e+00
2.803170e-05 1.000000e+00
2.817220e-05 1.000000e+00
2.831340e-05 1.000000e+00
2.845530e-05 1.000000e+00
2.859790e-05 1.000000e+00
2.874130e-05 1.000000e+00
2.888540e-05 1.000000e+00
2.903010e-05 1.000000e+00
2.917570e-05 1.000000e+00
2.932190e-05 1.000000e+00
2.946890e-05 1.000000e+00
2.961660e-05 1.000000e+00
2.976500e-05 1.000000e+00
2.991420e-05 1.000000e+00
3.006420e-05 1.000000e+00
3.021490e-05 1.000000e+00
3.036630e-05 1.000000e+00
3.051850e-05 1.000000e+00
3.067150e-05 1.000000e+00
3.082530e-05 1.000000e+00
3.097980e-05 1.000000e+00
3.113510e-05 1.000000e+00
3.129110e-05 1.000000e+00
3.144800e-05 1.000000e+00
3.160560e-05 1.000000e+00
3.176400e-05 1.000000e+00
3.192330e-05 1.000000e+00
3.208330e-05 1.000000e+00
3.224410e-05 1.000000e+00
3.240570e-05 1.000000e+00
3.256810e-05 1.000000e+00
3.273140e-05 1.000000e+00
3.289550e-05 1.000000e+00
3.306040e-05 1.000000e+00
3.322610e-05 1.000000e+00
3.339260e-05 1.000000e+00
3.356000e-05 1.000000e+00
3.372820e-05 1.000000e+00
3.389730e-05 9.999986e-01
3.406720e-05 9.999986e-01
3.423790e-05 9.999986e-01
3.440960e-05 9.999986e-01
3.458200e-05 9.999986e-01
3.475540e-05 9.999986e-01
3.492960e-05 9.999986e-01
3.510470e-05 9.999986e-01
3.528070e-05 9.999986e-01
3.545750e-05 9.999986e-01
3.563520e-05 9.999986e-01
3.581380e-05 9.999986e-01
3.599340e-05 9.999986e-01
3.617380e-05 9.999986e-01
3.635510e-05 9.999986e-01
3.653730e-05 9.999986e-01
3.672050e-05 9.999986e-01
3.690450e-05 9.999986e-01
3.708950e-05 9.999986e-01
3.727540e-05 9.999986e-01
3.746230e-05 9.999986e-01
3.765010e-05 9.999986e-01
3.783880e-05 9.999986e-01
3.802850e-05 9.999986e-01
3.821910e-05 9.999986e-01
3.841060e-05 9.999986e-01
3.860320e-05 9.999986e-01
3.879670e-05 9.999986e-01
3.899110e-05 9.999986e-01
3.918660e-05 9.999986e-01
3.938300e-05 9.999986e-01
3.958040e-05 9.999986e-01
3.977880e-05 9.999986e-01
3.997820e-05 9.999986e-01
4.017860e-05 9.999986e-01
4.038000e-05 9.999986e-01
4.058240e-05 9.999986e-01
4.078580e-05 9.999986e-01
4.099030e-05 9.999986e-01
4.119570e-05 9.999986e-01
4.140220e-05 9.999986e-01
4.160980e-05 9.999986e-01
4.181830e-05 9.999986e-01
4.202790e-05 9.999986e-01
4.223860e-05 9.999986e-01
4.245030e-05 9.999986e-01
4.266310e-05 9.999986e-01
4.287700e-05 9.999986e-01
4.309190e-05 9.999986e-01
4.330790e-05 9.999986e-01
4.352500e-05 9.999986e-01
4.374310e-05 9.999986e-01
4.396240e-05 9.999986e-01
4.418280e-05 9.999986e-01
4.440420e-05 9.999986e-01
4.462680e-05 9.999986e-01
4.485050e-05 9.999986e-01
4.507530e-05 9.999986e-01
4.530130e-05 9.999973e-01
4.552830e-05 9.999973e-01
4.575650e-05 9.999973e-01
4.598590e-05 9.999973e-01
4.621640e-05 9.999973e-01
4.644810e-05 9.999973e-01
4.668090e-05 9.999973e-01
4.691490e-05 9.999973e-01
4.715000e-05 9.999973e-01
4.738640e-05 9.999973e-01
4.762390e-05 9.999973e-01
4.786260e-05 9.999973e-01
4.810250e-05 9.999973e-01
4.834360e-05 9.999973e-01
4.858600e-05 9.999973e-01
4.882950e-05 9.999973e-01
4.907430e-05 9.999973e-01
4.932020e-05 9.999973e-01
4.956750e-05 9.999973e-01
4.981590e-05 9.999973e-01
5.006560e-05 9.999973e-01
5.031660e-05 9.999973e-01
5.056880e-05 9.999973e-01
5.082230e-05 9.999973e-01
5.107700e-05 9.999973e-01
5.133300e-05 9.999973e-01
5.159040e-05 9.999973e-01
5.184900e-05 9.999973e-01
5.210880e-05 9.999973e-01
5.237000e-05 9.999973e-01
5.263250e-05 9.999973e-01
5.289640e-05 9.999973e-01
5.316150e-05 9.999973e-01
5.342800e-05 9.999973e-01
5.369580e-05 9.999973e-01
5.396490e-05 9.999973e-01
5.423540e-05 9.999973e-01
5.450730e-05 9.999973e-01
5.478050e-05 9.999973e-01
5.505510e-05 9.999973e-01
5.533110e-05 9.999959e-01
5.560840e-05 9.999959e-01
5.588720e-05 9.999959e-01
5.616730e-05 9.999959e-01
5.644880e-05 9.999959e-01
5.673180e-05 9.999959e-01
5.701620e-05 9.999959e-01
5.730200e-05 9.999959e-01
5.758920e-05 9.999959e-01
5.787780e-05 9.999959e-01
5.816800e-05 9.999959e-01
5.845950e-05 9.999959e-01
5.875260e-05 9.999959e-01
5.904710e-05 9.999959e-01
5.934300e-05 9.999959e-01
5.964050e-05 9.999959e-01
5.993940e-05 9.999959e-01
6.023990e-05 9.999959e-01
6.054180e-05 9.999959e-01
6.084530e-05 9.999959e-01
6.115030e-05 9.999959e-01
6.145680e-05 9.999959e-01
6.176490e-05 9.999959e-01
6.207450e-05 9.999959e-01
6.238560e-05 9.999959e-01
6.269830e-05 9.999959e-01
6.301260e-05 9.999945e-01
6.332850e-05 9.999945e-01
6.364590e-05 9.999945e-01
6.396490e-05 9.999945e-01
6.428550e-05 9.999945e-01
6.460780e-05 9.999945e-01
6.493160e-05 9.999945e-01
6.525710e-05 9.999945e-01
6.558420e-05 9.999945e-01
6.591290e-05 9.999945e-01
6.624330e-05 9.999945e-01
6.657540e-05 9.999945e-01
6.690910e-05 9.999945e-01
6.724450e-05 9.999945e-01
6.758150e-05 9.999945e-01
6.792030e-05 9.999945e-01
6.826070e-05 9.999945e-01
6.860290e-05 9.999945e-01
6.894680e-05 9.999945e-01
6.929240e-05 9.999945e-01
6.963970e-05 9.999945e-01
6.998880e-05 9.999945e-01
7.033960e-05 9.999932e-01
7.069210e-05 9.999932e-01
7.104650e-05 9.999932e-01
7.140260e-05 9.999932e-01
7.176050e-05 9.999932e-01
7.212020e-05 9.999932e-01
7.248170e-05 9.999932e-01
7.284510e-05 9.999932e-01
7.321020e-05 9.999932e-01
7.357720e-05 9.999932e-01
7.394600e-05 9.999932e-01
7.431660e-05 9.999932e-01
7.468910e-05 9.999932e-01
7.506350e-05 9.999932e-01
7.543980e-05 9.999932e-01
7.581790e-05 9.999932e-01
7.619800e-05 9.999932e-01
7.657990e-05 9.999918e-01
7.696380e-05 9.999918e-01
7.734950e-05 9.999918e-01
7.773730e-05 9.999918e-01
7.812690e-05 9.999918e-01
7.851850e-05 9.999918e-01
7.891210e-05 9.999918e-01
7.930770e-05 9.999918e-01
7.970520e-05 9.999918e-01
8.010470e-05 9.999918e-01
8.050620e-05 9.999918e-01
8.090980e-05 9.999918e-01
8.131530e-05 9.999918e-01
8.172290e-05 9.999918e-01
8.213260e-05 9.999918e-01
8.254430e-05 9.999918e-01
8.295800e-05 9.999905e-01
8.337380e-05 9.999905e-01
8.379180e-05 9.999905e-01
8.421180e-05 9.999905e-01
8.463390e-05 9.999905e-01
8.505810e-05 9.999905e-01
8.548450e-05 9.999905e-01
8.591300e-05 9.999905e-01
8.634360e-05 9.999905e-01
8.677640e-05 9.999905e-01
8.721140e-05 9.999905e-01
8.764850e-05 9.999905e-01
8.808790e-05 9.999891e-01
8.852940e-05 9.999891e-01
8.897320e-05 9.999891e-01
8.941910e-05 9.999891e-01
8.986730e-05 9.999891e-01
9.031780e-05 9.999891e-01
9.077050e-05 9.999891e-01
9.122550e-05 9.999891e-01
9.168280e-05 9.999891e-01
9.214240e-05 9.999891e-01
9.260420e-05 9.999891e-01
9.306840e-05 9.999891e-01
9.353490e-05 9.999877e-01
9.400370e-05 9.999877e-01
9.447490e-05 9.999877e-01
9.494850e-05 9.999877e-01
9.542440e-05 9.999877e-01
9.590280e-05 9.999877e-01
9.638350e-05 9.999877e-01
9.686660e-05 9.999877e-01
9.735210e-05 9.999877e-01
9.784010e-05 9.999877e-01
9.833050e-05 9.999864e-01
9.882340e-05 9.999864e-01
9.931880e-05 9.999864e-01
9.981660e-05 9.999864e-01
1.003170e-04 9.999864e-01
1.008200e-04 9.999864e-01
1.013250e-04 9.999864e-01
1.018330e-04 9.999864e-01
1.023430e-04 9.999864e-01
1.028560e-04 9.999864e-01
1.033720e-04 9.999850e-01
1.038900e-04 9.999850e-01
1.044110e-04 9.999850e-01
1.049340e-04 9.999850e-01
1.054600e-04 9.999850e-01
1.059890e-04 9.999850e-01
1.065200e-04 9.999850e-01
1.070540e-04 9.999850e-01
1.075910e-04 9.999836e-01
1.081300e-04 9.999836e-01
1.086720e-04 9.999836e-01
1.092170e-04 9.999836e-01
1.097640e-04 9.999836e-01
1.103140e-04 9.999836e-01
1.108670e-04 9.999836e-01
1.114230e-04 9.999836e-01
1.119820e-04 9.999836e-01
1.125430e-04 9.999823e-01
1.131070e-04 9.999823e-01
1.136740e-04 9.999823e-01
1.142440e-04 9.999823e-01
1.148160e-04 9.999823e-01
1.153920e-04 9.999823e-01
1.159700e-04 9.999823e-01
1.165520e-04 9.999809e-01
1.171360e-04 9.999809e-01
1.177230e-04 9.999809e-01
1.183130e-04 9.999809e-01
1.189060e-04 9.999809e-01
1.195020e-04 9.999809e-01
1.201010e-04 9.999809e-01
1.207030e-04 9.999796e-01
1.213080e-04 9.999796e-01
1.219160e-04 9.999796e-01
1.225270e-04 9.999796e-01
1.231420e-04 9.999796e-01
1.237590e-04 9.999796e-01
1.243790e-04 9.999782e-01
1.250030e-04 9.999782e-01
1.256290e-04 9.999782e-01
1.262590e-04 9.999782e-01
1.268920e-04 9.999782e-01
1.275280e-04 9.999782e-01
1.281670e-04 9.999768e-01
1.288100e-04 9.999768e-01
1.294550e-04 9.999768e-01
1.301040e-04 9.999768e-01
1.307560e-04 9.999768e-01
1.314120e-04 9.999755e-01
1.320700e-04 9.999755e-01
1.327320e-04 9.999755e-01
1.333980e-04 9.999755e-01
1.340660e-04 9.999755e-01
1.347380e-04 9.999755e-01
1.354140e-04 9.999741e-01
1.360920e-04 9.999741e-01
1.367750e-04 9.999741e-01
1.374600e-04 9.999741e-01
1.381490e-04 9.999741e-01
1.388420e-04 9.999727e-01
1.395380e-04 9.999727e-01
1.402370e-04 9.999727e-01
1.409400e-04 9.999727e-01
1.416470e-04 9.999727e-01
1.423570e-04 9.999714e-01
1.430700e-04 9.999714e-01
1.437870e-04 9.999714e-01
1.445080e-04 9.999714e-01
1.452320e-04 9.999700e-01
1.459600e-04 9.999700e-01
1.466920e-04 9.999700e-01
1.474270e-04 9.999700e-01
1.481660e-04 9.999700e-01
1.489090e-04 9.999686e-01
1.496550e-04 9.999686e-01
1.504050e-04 9.999686e-01
1.511590e-04 9.999686e-01
1.519170e-04 9.999673e-01
1.526790e-04 9.999673e-01
1.534440e-04 9.999673e-01
1.542130e-04 9.999673e-01
1.549860e-04 9.999659e-01
1.557630e-04 9.999659e-01
1.565440e-04 9.999659e-01
1.573280e-04 9.999659e-01
1.581170e-04 9.999646e-01
1.589090e-04 9.999646e-01
1.597060e-04 9.999646e-01
1.605070e-04 9.999646e-01
1.613110e-04 9.999632e-01
1.621200e-04 9.999632e-01
1.629320e-04 9.999632e-01
1.637490e-04 9.999618e-01
1.645700e-04 9.999618e-01
1.653950e-04 9.999618e-01
1.662240e-04 9.999618e-01
1.670570e-04 9.999605e-01
1.678940e-04 9.999605e-01
1.687360e-04 9.999605e-01
1.695820e-04 9.999591e-01
1.704320e-04 9.999591e-01
1.712860e-04 9.999591e-01
1.721450e-04 9.999591e-01
1.730070e-04 9.999577e-01
1.738750e-04 9.999577e-01
1.747460e-04 9.999577e-01
1.756220e-04 9.999564e-01
1.765020e-04 9.999564e-01
1.773870e-04 9.999564e-01
1.782760e-04 9.999550e-01
1.791700e-04 9.999550e-01
1.800680e-04 9.999550e-01
1.809710e-04 9.999537e-01
1.818780e-04 9.999537e-01
1.827890e-04 9.999537e-01
1.837060e-04 9.999523e-01
1.846260e-04 9.999523e-01
1.855520e-04 9.999523e-01
1.864820e-04 9.999509e-01
1.874170e-04 9.999509e-01
1.883560e-04 9.999496e-01
1.893000e-04 9.999496e-01
1.902490e-04 9.999496e-01
1.912030e-04 9.999482e-01
1.921610e-04 9.999482e-01
1.931240e-04 9.999482e-01
1.940920e-04 9.999468e-01
1.950650e-04 9.999468e-01
1.960430e-04 9.999455e-01
1.970260e-04 9.999455e-01
1.980130e-04 9.999455e-01
1.990060e-04 9.999441e-01
2.000030e-04 9.999441e-01
2.010060e-04 9.999427e-01
2.020130e-04 9.999427e-01
2.030260e-04 9.999414e-01
2.040440e-04 9.999414e-01
2.050670e-04 9.999414e-01
2.060950e-04 9.999400e-01
2.071280e-04 9.999400e-01
2.081660e-04 9.999387e-01
2.092090e-04 9.999387e-01
2.102580e-04 9.999373e-01
2.113120e-04 9.999373e-01
2.123710e-04 9.999359e-01
2.134350e-04 9.999359e-01
2.145050e-04 9.999346e-01
2.155810e-04 9.999346e-01
2.166610e-04 9.999332e-01
2.177470e-04 9.999332e-01
2.188390e-04 9.999318e-01
2.199360e-04 9.999318e-01
2.210380e-04 9.999305e-01
2.221460e-04 9.999305e-01
2.232590e-04 9.999291e-01
2.243790e-04 9.999291e-01
2.255030e-04 9.999277e-01
2.266340e-04 9.999277e-01
2.277700e-04 9.999264e-01
2.289110e-04 9.999264e-01
2.300590e-04 9.999250e-01
2.312120e-04 9.999250e-01
2.323710e-04 9.999237e-01
2.335360e-04 9.999237e-01
2.347060e-04 9.999223e-01
2.358830e-04 9.999209e-01
2.370650e-04 9.999209e-01
2.382530e-04 9.999196e-01
2.394480e-04 9.999196e-01
2.406480e-04 9.999182e-01
2.418540e-04 9.999168e-01
2.430660e-04 9.999168e-01
2.442850e-04 9.999155e-01
2.455090e-04 9.999155e-01
2.467400e-04 9.999141e-01
2.479770e-04 9.999128e-01
2.492200e-04 9.999128e-01
2.504690e-04 9.999114e-01
2.517240e-04 9.999100e-01
2.529860e-04 9.999100e-01
2.542540e-04 9.999087e-01
2.555290e-04 9.999073e-01
2.568090e-04 9.999073e-01
2.580970e-04 9.999059e-01
2.593900e-04 9.999046e-01
2.606910e-04 9.999046e-01
2.619970e-04 9.999032e-01
2.633110e-04 9.999018e-01
2.646310e-04 9.999005e-01
2.659570e-04 9.999005e-01
2.672900e-04 9.998991e-01
2.686300e-04 9.998978e-01
2.699760e-04 9.998964e-01
2.713300e-04 9.998964e-01
2.726900e-04 9.998950e-01
2.740570e-04 9.998937e-01
2.754300e-04 9.998923e-01
2.768110e-04 9.998923e-01
2.781980e-04 9.998909e-01
2.795930e-04 9.998896e-01
2.809940e-04 9.998882e-01
2.824030e-04 9.998869e-01
2.838180e-04 9.998855e-01
2.852410e-04 9.998855e-01
2.866710e-04 9.998841e-01
2.881080e-04 9.998828e-01
2.895520e-04 9.998814e-01
2.910030e-04 9.998800e-01
2.924620e-04 9.998787e-01
2.939280e-04 9.998773e-01
2.954010e-04 9.998773e-01
2.968820e-04 9.998759e-01
2.983700e-04 9.998746e-01
2.998660e-04 9.998732e-01
3.013690e-04 9.998719e-01
3.028790e-04 9.998705e-01
3.043980e-04 9.998691e-01
3.059230e-04 9.998678e-01
3.074570e-04 9.998664e-01
3.089980e-04 9.998650e-01
3.105470e-04 9.998637e-01
3.121030e-04 9.998623e-01
3.136680e-04 9.998610e-01
3.152400e-04 9.998596e-01
3.168200e-04 9.998582e-01
3.184080e-04 9.998569e-01
3.200040e-04 9.998555e-01
3.216080e-04 9.998541e-01
3.232200e-04 9.998528e-01
3.248410e-04 9.998514e-01
3.264690e-04 9.998500e-01
3.281050e-04 9.998473e-01
3.297500e-04 9.998460e-01
3.314030e-04 9.998446e-01
3.330640e-04 9.998432e-01
3.347340e-04 9.998419e-01
3.364110e-04 9.998405e-01
3.380980e-04 9.998391e-01
3.397920e-04 9.998364e-01
3.414960e-04 9.998350e-01
3.432070e-04 9.998337e-01
3.449280e-04 9.998323e-01
3.466570e-04 9.998310e-01
3.483940e-04 9.998282e-01
3.501410e-04 9.998269e-01
3.518960e-04 9.998255e-01
3.536600e-04 9.998228e-01
3.554320e-04 9.998214e-01
3.572140e-04 9.998201e-01
3.590040e-04 9.998187e-01
3.608040e-04 9.998160e-01
3.626120e-04 9.998146e-01
3.644300e-04 9.998132e-01
3.662570e-04 9.998105e-01
3.680930e-04 9.998091e-01
3.699380e-04 9.998064e-01
3.717920e-04 9.998051e-01
3.736560e-04 9.998037e-01
3.755290e-04 9.998010e-01
3.774110e-04 9.997996e-01
3.793030e-04 9.997969e-01
3.812040e-04 9.997955e-01
3.831150e-04 9.997928e-01
3.850350e-04 9.997914e-01
3.869650e-04 9.997887e-01
3.889050e-04 9.997873e-01
3.908540e-04 9.997846e-01
3.928130e-04 9.997832e-01
3.947820e-04 9.997805e-01
3.967610e-04 9.997778e-01
3.987500e-04 9.997764e-01
4.007490e-04 9.997737e-01
4.027570e-04 9.997710e-01
4.047760e-04 9.997696e-01
4.068050e-04 9.997669e-01
4.088440e-04 9.997642e-01
4.108940e-04 9.997628e-01
4.129530e-04 9.997601e-01
4.150230e-04 9.997573e-01
4.171040e-04 9.997546e-01
4.191940e-04 9.997533e-01
4.212960e-04 9.997505e-01
4.234070e-04 9.997478e-01
4.255300e-04 9.997451e-01
4.276630e-04 9.997423e-01
4.298060e-04 9.997410e-01
4.319610e-04 9.997383e-01
4.341260e-04 9.997355e-01
4.363020e-04 9.997328e-01
4.384890e-04 9.997301e-01
4.406870e-04 9.997274e-01
4.428960e-04 9.997246e-01
4.451160e-04 9.997219e-01
4.473470e-04 9.997192e-01
4.495890e-04 9.997164e-01
4.518430e-04 9.997137e-01
4.541080e-04 9.997110e-01
4.563840e-04 9.997083e-01
4.586720e-04 9.997055e-01
4.609710e-04 9.997015e-01
4.632810e-04 9.996987e-01
4.656040e-04 9.996960e-01
4.679370e-04 9.996933e-01
4.702830e-04 9.996905e-01
4.726400e-04 9.996865e-01
4.750090e-04 9.996837e-01
4.773900e-04 9.996810e-01
4.797830e-04 9.996783e-01
4.821880e-04 9.996742e-01
4.846050e-04 9.996715e-01
4.870340e-04 9.996674e-01
4.894760e-04 9.996646e-01
4.919290e-04 9.996619e-01
4.943950e-04 9.996578e-01
4.968730e-04 9.996551e-01
4.993640e-04 9.996510e-01
5.018670e-04 9.996483e-01
5.043820e-04 9.996442e-01
5.069110e-04 9.996415e-01
5.094520e-04 9.996374e-01
5.120050e-04 9.996333e-01
5.145720e-04 9.996306e-01
5.171510e-04 9.996265e-01
5.197430e-04 9.996224e-01
5.223480e-04 9.996197e-01
5.249670e-04 9.996156e-01
5.275980e-04 9.996115e-01
5.302430e-04 9.996074e-01
5.329000e-04 9.996047e-01
5.355720e-04 9.996006e-01
5.382560e-04 9.995965e-01
5.409540e-04 9.995924e-01
5.436660e-04 9.995883e-01
5.463910e-04 9.995842e-01
5.491300e-04 9.995801e-01
5.518820e-04 9.995760e-01
5.546480e-04 9.995719e-01
5.574290e-04 9.995679e-01
5.602230e-04 9.995638e-01
5.630310e-04 9.995597e-01
5.658530e-04 9.995556e-01
5.686900e-04 9.995501e-01
5.715400e-04 9.995460e-01
5.744050e-04 9.995420e-01
5.772840e-04 9.995379e-01
5.801780e-04 9.995324e-01
5.830860e-04 9.995283e-01
5.860090e-04 9.995229e-01
5.889460e-04 9.995188e-01
5.918980e-04 9.995147e-01
5.948650e-04 9.995092e-01
5.978470e-04 9.995051e-01
6.008440e-04 9.994997e-01
6.038550e-04 9.994956e-01
6.068820e-04 9.994902e-01
6.099240e-04 9.994847e-01
6.129820e-04 9.994806e-01
6.160540e-04 9.994752e-01
6.191420e-04 9.994697e-01
6.222450e-04 9.994643e-01
6.253650e-04 9.994602e-01
6.284990e-04 9.994547e-01
6.316500e-04 9.994493e-01
6.348160e-04 9.994438e-01
6.379980e-04 9.994383e-01
6.411960e-04 9.994329e-01
6.444100e-04 9.994274e-01
6.476400e-04 9.994220e-01
6.508860e-04 9.994165e-01
6.541490e-04 9.994111e-01
6.574280e-04 9.994043e-01
6.607230e-04 9.993988e-01
6.640350e-04 9.993934e-01
6.673630e-04 9.993879e-01
6.707080e-04 9.993811e-01
6.740700e-04 9.993756e-01
6.774490e-04 9.993688e-01
6.808450e-04 9.993634e-01
6.842580e-04 9.993566e-01
6.876880e-04 9.993511e-01
6.911350e-04 9.993443e-01
6.945990e-04 9.993388e-01
6.980810e-04 9.993320e-01
7.015800e-04 9.993252e-01
7.050960e-04 9.993197e-01
7.086310e-04 9.993129e-01
7.121830e-04 9.993061e-01
7.157530e-04 9.992993e-01
7.193410e-04 9.992925e-01
7.229460e-04 9.992857e-01
7.265700e-04 9.992789e-01
7.302120e-04 9.992720e-01
7.338720e-04 9.992652e-01
7.375510e-04 9.992584e-01
7.412480e-04 9.992502e-01
7.449630e-04 9.992434e-01
7.486970e-04 9.992366e-01
7.524500e-04 9.992284e-01
7.562220e-04 9.992216e-01
7.600120e-04 9.992148e-01
7.638220e-04 9.992066e-01
7.676510e-04 9.991984e-01
7.714980e-04 9.991916e-01
7.753660e-04 9.991834e-01
7.792520e-04 9.991766e-01
7.831580e-04 9.991684e-01
7.870840e-04 9.991603e-01
7.910290e-04 9.991521e-01
7.949940e-04 9.991439e-01
7.989790e-04 9.991357e-01
8.029840e-04 9.991275e-01
8.070090e-04 9.991194e-01
8.110540e-04 9.991112e-01
8.151200e-04 9.991030e-01
8.192050e-04 9.990935e-01
8.233120e-04 9.990853e-01
8.274380e-04 9.990771e-01
8.315860e-04 9.990676e-01
8.357540e-04 9.990594e-01
8.399440e-04 9.990498e-01
8.441540e-04 9.990416e-01
8.483850e-04 9.990321e-01
8.526380e-04 9.990226e-01
8.569120e-04 9.990130e-01
8.612070e-04 9.990048e-01
8.655240e-04 9.989953e-01
8.698620e-04 9.989858e-01
8.742220e-04 9.989762e-01
8.786040e-04 9.989667e-01
8.830080e-04 9.989558e-01
8.874340e-04 9.989462e-01
8.918830e-04 9.989367e-01
8.963530e-04 9.989271e-01
9.008460e-04 9.989162e-01
9.053620e-04 9.989067e-01
9.099000e-04 9.988958e-01
9.144610e-04 9.988862e-01
9.190450e-04 9.988753e-01
9.236510e-04 9.988644e-01
9.282810e-04 9.988535e-01
9.329340e-04 9.988440e-01
9.376110e-04 9.988331e-01
9.423100e-04 9.988222e-01
9.470340e-04 9.988099e-01
9.517810e-04 9.987990e-01
9.565520e-04 9.987881e-01
9.613460e-04 9.987772e-01
9.661650e-04 9.987649e-01
9.710080e-04 9.987540e-01
9.758750e-04 9.987417e-01
9.807670e-04 9.987308e-01
9.856830e-04 9.987186e-01
9.906230e-04 9.987063e-01
9.955890e-04 9.986954e-01
1.000580e-03 9.986831e-01
1.005600e-03 9.986709e-01
1.010640e-03 9.986586e-01
1.015700e-03 9.986449e-01
1.020790e-03 9.986327e-01
1.025910e-03 9.986204e-01
1.031050e-03 9.986081e-01
1.036220e-03 9.985945e-01
1.041410e-03 9.985822e-01
1.046630e-03 9.985686e-01
1.051880e-03 9.985550e-01
1.057150e-03 9.985413e-01
1.062450e-03 9.985291e-01
1.067780e-03 9.985154e-01
1.073130e-03 9.985018e-01
1.078510e-03 9.984868e-01
1.083910e-03 9.984732e-01
1.089350e-03 9.984596e-01
1.094810e-03 9.984459e-01
1.100300e-03 9.984309e-01
1.105810e-03 9.984173e-01
1.111350e-03 9.984023e-01
1.116930e-03 9.983873e-01
1.122520e-03 9.983723e-01
1.128150e-03 9.983573e-01
1.133810e-03 9.983423e-01
1.139490e-03 9.983273e-01
1.145200e-03 9.983123e-01
1.150940e-03 9.982973e-01
1.156710e-03 9.982810e-01
1.162510e-03 9.982660e-01
1.168330e-03 9.982496e-01
1.174190e-03 9.982346e-01
1.180080e-03 9.982183e-01
1.185990e-03 9.982019e-01
1.191940e-03 9.981855e-01
1.197910e-03 9.981692e-01
1.203920e-03 9.981528e-01
1.209950e-03 9.981351e-01
1.216020e-03 9.981187e-01
1.222110e-03 9.981024e-01
1.228240e-03 9.980847e-01
1.234390e-03 9.980669e-01
1.240580e-03 9.980492e-01
1.246800e-03 9.980315e-01
1.253050e-03 9.980138e-01
1.259330e-03 9.979961e-01
1.265640e-03 9.979783e-01
1.271990e-03 9.979606e-01
1.278360e-03 9.979415e-01
1.284770e-03 9.979238e-01
1.291210e-03 9.979047e-01
1.297680e-03 9.978856e-01
1.304190e-03 9.978665e-01
1.310720e-03 9.978475e-01
1.317290e-03 9.978284e-01
1.323900e-03 9.978093e-01
1.330530e-03 9.977888e-01
1.337200e-03 9.977698e-01
1.343900e-03 9.977493e-01
1.350640e-03 9.977302e-01
1.357410e-03 9.977098e-01
1.364220e-03 9.976893e-01
1.371050e-03 9.976689e-01
1.377930e-03 9.976484e-01
1.384830e-03 9.976266e-01
1.391770e-03 9.976062e-01
1.398750e-03 9.975844e-01
1.405760e-03 9.975625e-01
1.412810e-03 9.975421e-01
1.419890e-03 9.975203e-01
1.427010e-03 9.974971e-01
1.434160e-03 9.974753e-01
1.441350e-03 9.974535e-01
1.448570e-03 9.974303e-01
1.455830e-03 9.974085e-01
1.463130e-03 9.973853e-01
1.470470e-03 9.973622e-01
1.477840e-03 9.973390e-01
1.485240e-03 9.973158e-01
1.492690e-03 9.972926e-01
1.500170e-03 9.972681e-01
1.507690e-03 9.972435e-01
1.515250e-03 9.972204e-01
1.522840e-03 9.971958e-01
1.530480e-03 9.971713e-01
1.538150e-03 9.971468e-01
1.545860e-03 9.971209e-01
1.553610e-03 9.970963e-01
1.561400e-03 9.970704e-01
1.569220e-03 9.970459e-01
1.577090e-03 9.970200e-01
1.584990e-03 9.969941e-01
1.592940e-03 9.969668e-01
1.600920e-03 9.969409e-01
1.608950e-03 9.969150e-01
1.617010e-03 9.968877e-01
1.625120e-03 9.968605e-01
1.633260e-03 9.968332e-01
1.641450e-03 9.968060e-01
1.649680e-03 9.967787e-01
1.657950e-03 9.967501e-01
1.666260e-03 9.967228e-01
1.674610e-03 9.966942e-01
1.683000e-03 9.966655e-01
1.691440e-03 9.966369e-01
1.699920e-03 9.966083e-01
1.708440e-03 9.965783e-01
1.717000e-03 9.965483e-01
1.725610e-03 9.965197e-01
1.734260e-03 9.964897e-01
1.742950e-03 9.964597e-01
1.751690e-03 9.964283e-01
1.760470e-03 9.963983e-01
1.769290e-03 9.963670e-01
1.778160e-03 9.963356e-01
1.787070e-03 9.963043e-01
1.796030e-03 9.962729e-01
1.805030e-03 9.962416e-01
1.814080e-03 9.962089e-01
1.823170e-03 9.961761e-01
1.832310e-03 9.961448e-01
1.841500e-03 9.961107e-01
1.850730e-03 9.960780e-01
1.860010e-03 9.960453e-01
1.869330e-03 9.960112e-01
1.878700e-03 9.959771e-01
1.888120e-03 9.959430e-01
1.897580e-03 9.959089e-01
1.907090e-03 9.958735e-01
1.916650e-03 9.958394e-01
1.926260e-03 9.958040e-01
1.935910e-03 9.957685e-01
1.945620e-03 9.957331e-01
1.955370e-03 9.956963e-01
1.965170e-03 9.956595e-01
1.975020e-03 9.956240e-01
1.984920e-03 9.955859e-01
1.994870e-03 9.955491e-01
2.004870e-03 9.955122e-01
2.014920e-03 9.954741e-01
2.025020e-03 9.954359e-01
2.035170e-03 9.953977e-01
2.045370e-03 9.953596e-01
2.055620e-03 9.953200e-01
2.065930e-03 9.952805e-01
2.076280e-03 9.952410e-01
2.086690e-03 9.952014e-01
2.097150e-03 9.951605e-01
2.107660e-03 9.951210e-01
2.118230e-03 9.950801e-01
2.128840e-03 9.950392e-01
2.139520e-03 9.949969e-01
2.150240e-03 9.949560e-01
2.161020e-03 9.949138e-01
2.171850e-03 9.948715e-01
2.182740e-03 9.948279e-01
2.193680e-03 9.947856e-01
2.204670e-03 9.947420e-01
2.215720e-03 9.946984e-01
2.226830e-03 9.946548e-01
2.237990e-03 9.946098e-01
2.249210e-03 9.945662e-01
2.260490e-03 9.945212e-01
2.271820e-03 9.944748e-01
2.283200e-03 9.944298e-01
2.294650e-03 9.943835e-01
2.306150e-03 9.943371e-01
2.317710e-03 9.942908e-01
2.329330e-03 9.942431e-01
2.341000e-03 9.941954e-01
2.352740e-03 9.941477e-01
2.364530e-03 9.940999e-01
2.376380e-03 9.940509e-01
2.388290e-03 9.940018e-01
2.400270e-03 9.939527e-01
2.412300e-03 9.939036e-01
2.424390e-03 9.938532e-01
2.436540e-03 9.938028e-01
2.448750e-03 9.937523e-01
2.461030e-03 9.937005e-01
2.473360e-03 9.936501e-01
2.485760e-03 9.935969e-01
2.498220e-03 9.935451e-01
2.510750e-03 9.934919e-01
2.523330e-03 9.934388e-01
2.535980e-03 9.933856e-01
2.548690e-03 9.933324e-01
2.561470e-03 9.932779e-01
2.574310e-03 9.932234e-01
2.587210e-03 9.931675e-01
2.600180e-03 9.931116e-01
2.613210e-03 9.930557e-01
2.626310e-03 9.929998e-01
2.639470e-03 9.929426e-01
2.652700e-03 9.928853e-01
2.666000e-03 9.928280e-01
2.679360e-03 9.927694e-01
2.692790e-03 9.927122e-01
2.706290e-03 9.926522e-01
2.719860e-03 9.925936e-01
2.733490e-03 9.925336e-01
2.747190e-03 9.924736e-01
2.760960e-03 9.924123e-01
2.774800e-03 9.923509e-01
2.788710e-03 9.922896e-01
2.802690e-03 9.922282e-01
2.816740e-03 9.921655e-01
2.830860e-03 9.921014e-01
2.845050e-03 9.920387e-01
2.859310e-03 9.919747e-01
2.873640e-03 9.919106e-01
2.888040e-03 9.918452e-01
2.902520e-03 9.917797e-01
2.917070e-03 9.917143e-01
2.931690e-03 9.916475e-01
2.946390e-03 9.915807e-01
2.961160e-03 9.915139e-01
2.976000e-03 9.914457e-01
2.990910e-03 9.913776e-01
3.005910e-03 9.913094e-01
3.020970e-03 9.912399e-01
3.036120e-03 9.911704e-01
3.051330e-03 9.910995e-01
3.066630e-03 9.910286e-01
3.082000e-03 9.909577e-01
3.097450e-03 9.908854e-01
3.112980e-03 9.908132e-01
3.128580e-03 9.907409e-01
3.144260e-03 9.906673e-01
3.160020e-03 9.905937e-01
3.175860e-03 9.905187e-01
3.191780e-03 9.904438e-01
3.207780e-03 9.903688e-01
3.223860e-03 9.902924e-01
3.240020e-03 9.902147e-01
3.256260e-03 9.901384e-01
3.272580e-03 9.900607e-01
3.288990e-03 9.899816e-01
3.305470e-03 9.899026e-01
3.322040e-03 9.898235e-01
3.338690e-03 9.897431e-01
3.355430e-03 9.896626e-01
3.372250e-03 9.895822e-01
3.389150e-03 9.895004e-01
3.406140e-03 9.894172e-01
3.423210e-03 9.893341e-01
3.440370e-03 9.892509e-01
3.457620e-03 9.891664e-01
3.474950e-03 9.890819e-01
3.492370e-03 9.889960e-01
3.509870e-03 9.889101e-01
3.527460e-03 9.888242e-01
3.545150e-03 9.887370e-01
3.562920e-03 9.886484e-01
3.580780e-03 9.885598e-01
3.598720e-03 9.884712e-01
3.616760e-03 9.883812e-01
3.634890e-03 9.882912e-01
3.653110e-03 9.881999e-01
3.671420e-03 9.881085e-01
3.689830e-03 9.880158e-01
3.708320e-03 9.879231e-01
3.726910e-03 9.878291e-01
3.745590e-03 9.877350e-01
3.764370e-03 9.876396e-01
3.783230e-03 9.875442e-01
3.802200e-03 9.874487e-01
3.821260e-03 9.873506e-01
3.840410e-03 9.872538e-01
3.859660e-03 9.871556e-01
3.879010e-03 9.870561e-01
3.898450e-03 9.869566e-01
3.917990e-03 9.868557e-01
3.937630e-03 9.867549e-01
3.957370e-03 9.866526e-01
3.977210e-03 9.865504e-01
3.997140e-03 9.864468e-01
4.017180e-03 9.863432e-01
4.037310e-03 9.862382e-01
4.057550e-03 9.861319e-01
4.077890e-03 9.860255e-01
4.098330e-03 9.859192e-01
4.118870e-03 9.858115e-01
4.139520e-03 9.857024e-01
4.160270e-03 9.855934e-01
4.181120e-03 9.854830e-01
4.202080e-03 9.853725e-01
4.223140e-03 9.852608e-01
4.244310e-03 9.851490e-01
4.265580e-03 9.850358e-01
4.286970e-03 9.849213e-01
4.308460e-03 9.848068e-01
4.330050e-03 9.846909e-01
4.351760e-03 9.845751e-01
4.373570e-03 9.844578e-01
4.395490e-03 9.843392e-01
4.417530e-03 9.842206e-01
4.439670e-03 9.841020e-01
4.461920e-03 9.839807e-01
4.484290e-03 9.838594e-01
4.506760e-03 9.837380e-01
4.529350e-03 9.836153e-01
4.552060e-03 9.834913e-01
4.574870e-03 9.833659e-01
4.597810e-03 9.832405e-01
4.620850e-03 9.831150e-01
4.644010e-03 9.829869e-01
4.667290e-03 9.828587e-01
4.690690e-03 9.827306e-01
4.714200e-03 9.826011e-01
4.737830e-03 9.824702e-01
4.761580e-03 9.823380e-01
4.785450e-03 9.822058e-01
4.809430e-03 9.820722e-01
4.833540e-03 9.819372e-01
4.857770e-03 9.818022e-01
4.882120e-03 9.816659e-01
4.906590e-03 9.815296e-01
4.931180e-03 9.813919e-01
4.955900e-03 9.812529e-01
4.980750e-03 9.811125e-01
5.005710e-03 9.809720e-01
5.030800e-03 9.808303e-01
5.056020e-03 9.806871e-01
5.081360e-03 9.805426e-01
5.106830e-03 9.803981e-01
5.132430e-03 9.802523e-01
5.158160e-03 9.801064e-01
5.184010e-03 9.799578e-01
5.210000e-03 9.798092e-01
5.236110e-03 9.796606e-01
5.262360e-03 9.795093e-01
5.288740e-03 9.793580e-01
5.315250e-03 9.792053e-01
5.341890e-03 9.790512e-01
5.368660e-03 9.788958e-01
5.395580e-03 9.787404e-01
5.422620e-03 9.785837e-01
5.449800e-03 9.784255e-01
5.477120e-03 9.782674e-01
5.504570e-03 9.781065e-01
5.532170e-03 9.779457e-01
5.559900e-03 9.777834e-01
5.587760e-03 9.776199e-01
5.615770e-03 9.774563e-01
5.643920e-03 9.772900e-01
5.672210e-03 9.771236e-01
5.700640e-03 9.769560e-01
5.729220e-03 9.767869e-01
5.757940e-03 9.766179e-01
5.786800e-03 9.764461e-01
5.815800e-03 9.762743e-01
5.844960e-03 9.761012e-01
5.874260e-03 9.759267e-01
5.903700e-03 9.757509e-01
5.933290e-03 9.755750e-01
5.963030e-03 9.753964e-01
5.992920e-03 9.752178e-01
6.022960e-03 9.750379e-01
6.053150e-03 9.748566e-01
6.083490e-03 9.746739e-01
6.113990e-03 9.744899e-01
6.144640e-03 9.743045e-01
6.175440e-03 9.741177e-01
6.206390e-03 9.739310e-01
6.237500e-03 9.737415e-01
6.268770e-03 9.735520e-01
6.300190e-03 9.733611e-01
6.331770e-03 9.731689e-01
6.363510e-03 9.729753e-01
6.395400e-03 9.727804e-01
6.427460e-03 9.725841e-01
6.459680e-03 9.723864e-01
6.492060e-03 9.721874e-01
6.524600e-03 9.719870e-01
6.557300e-03 9.717866e-01
6.590170e-03 9.715835e-01
6.623200e-03 9.713790e-01
6.656400e-03 9.711745e-01
6.689770e-03 9.709673e-01
6.723300e-03 9.707601e-01
6.757000e-03 9.705501e-01
6.790870e-03 9.703388e-01
6.824910e-03 9.701275e-01
6.859120e-03 9.699135e-01
6.893500e-03 9.696995e-01
6.928060e-03 9.694827e-01
6.962790e-03 9.692660e-01
6.997690e-03 9.690465e-01
7.032760e-03 9.688270e-01
7.068010e-03 9.686048e-01
7.103440e-03 9.683812e-01
7.139050e-03 9.681577e-01
7.174830e-03 9.679314e-01
7.210800e-03 9.677037e-01
7.246940e-03 9.674747e-01
7.283270e-03 9.672443e-01
7.319770e-03 9.670126e-01
7.356460e-03 9.667795e-01
7.393340e-03 9.665436e-01
7.430400e-03 9.663078e-01
7.467640e-03 9.660706e-01
7.505070e-03 9.658306e-01
7.542690e-03 9.655894e-01
7.580500e-03 9.653481e-01
7.618500e-03 9.651040e-01
7.656690e-03 9.648587e-01
7.695070e-03 9.646106e-01
7.733640e-03 9.643624e-01
7.772400e-03 9.641130e-01
7.811360e-03 9.638608e-01
7.850520e-03 9.636072e-01
7.889870e-03 9.633523e-01
7.929420e-03 9.630960e-01
7.969160e-03 9.628384e-01
8.009110e-03 9.625780e-01
8.049250e-03 9.623176e-01
8.089600e-03 9.620545e-01
8.130150e-03 9.617900e-01
8.170900e-03 9.615228e-01
8.211860e-03 9.612556e-01
8.253020e-03 9.609857e-01
8.294390e-03 9.607144e-01
8.335970e-03 9.604418e-01
8.377750e-03 9.601664e-01
8.419750e-03 9.598911e-01
8.461950e-03 9.596130e-01
8.504360e-03 9.593321e-01
8.546990e-03 9.590513e-01
8.589830e-03 9.587677e-01
8.632890e-03 9.584828e-01
8.676160e-03 9.581966e-01
8.719650e-03 9.579076e-01
8.763360e-03 9.576172e-01
8.807290e-03 9.573255e-01
8.851430e-03 9.570310e-01
8.895800e-03 9.567352e-01
8.940390e-03 9.564380e-01
8.985210e-03 9.561381e-01
9.030240e-03 9.558368e-01
9.075510e-03 9.555342e-01
9.121000e-03 9.552288e-01
9.166720e-03 9.549221e-01
9.212670e-03 9.546126e-01
9.258850e-03 9.543032e-01
9.305260e-03 9.539896e-01
9.351900e-03 9.536761e-01
9.398770e-03 9.533598e-01
9.445890e-03 9.530408e-01
9.493230e-03 9.527205e-01
9.540820e-03 9.523987e-01
9.588640e-03 9.520743e-01
9.636710e-03 9.517485e-01
9.685010e-03 9.514199e-01
9.733560e-03 9.510900e-01
9.782350e-03 9.507588e-01
9.831380e-03 9.504248e-01
9.880660e-03 9.500881e-01
9.930190e-03 9.497500e-01
9.979970e-03 9.494105e-01
1.003000e-02 9.490684e-01
1.008030e-02 9.487235e-01
1.013080e-02 9.483772e-01
1.018160e-02 9.480282e-01
1.023260e-02 9.476779e-01
1.028390e-02 9.473262e-01
1.033540e-02 9.469704e-01
1.038730e-02 9.466146e-01
1.043930e-02 9.462547e-01
1.049160e-02 9.458948e-01
1.054420e-02 9.455308e-01
1.059710e-02 9.451654e-01
1.065020e-02 9.447974e-01
1.070360e-02 9.444279e-01
1.075720e-02 9.440558e-01
1.081120e-02 9.436822e-01
1.086540e-02 9.433046e-01
1.091980e-02 9.429270e-01
1.097460e-02 9.425453e-01
1.102960e-02 9.421622e-01
1.108480e-02 9.417765e-01
1.114040e-02 9.413893e-01
1.119630e-02 9.409994e-01
1.125240e-02 9.406068e-01
1.130880e-02 9.402115e-01
1.136550e-02 9.398148e-01
1.142240e-02 9.394153e-01
1.147970e-02 9.390145e-01
1.153720e-02 9.386097e-01
1.159510e-02 9.382034e-01
1.165320e-02 9.377945e-01
1.171160e-02 9.373841e-01
1.177030e-02 9.369697e-01
1.182930e-02 9.365539e-01
1.188860e-02 9.361354e-01
1.194820e-02 9.357142e-01
1.200810e-02 9.352916e-01
1.206830e-02 9.348649e-01
1.212880e-02 9.344368e-01
1.218960e-02 9.340060e-01
1.225070e-02 9.335725e-01
1.231210e-02 9.331377e-01
1.237380e-02 9.326987e-01
1.243580e-02 9.322584e-01
1.249810e-02 9.318140e-01
1.256080e-02 9.313682e-01
1.262370e-02 9.309197e-01
1.268700e-02 9.304685e-01
1.275060e-02 9.300145e-01
1.281450e-02 9.295592e-01
1.287880e-02 9.290998e-01
1.294330e-02 9.286376e-01
1.300820e-02 9.281741e-01
1.307340e-02 9.277066e-01
1.313890e-02 9.272362e-01
1.320480e-02 9.267646e-01
1.327100e-02 9.262888e-01
1.333750e-02 9.258117e-01
1.340430e-02 9.253304e-01
1.347150e-02 9.248479e-01
1.353910e-02 9.243612e-01
1.360690e-02 9.238732e-01
1.367510e-02 9.233810e-01
1.374370e-02 9.228875e-01
1.381260e-02 9.223900e-01
1.388180e-02 9.218897e-01
1.395140e-02 9.213866e-01
1.402130e-02 9.208809e-01
1.409160e-02 9.203724e-01
1.416220e-02 9.198612e-01
1.423320e-02 9.193472e-01
1.430460e-02 9.188306e-01
1.437630e-02 9.183098e-01
1.444830e-02 9.177863e-01
1.452080e-02 9.172601e-01
1.459350e-02 9.167312e-01
1.466670e-02 9.161995e-01
1.474020e-02 9.156651e-01
1.481410e-02 9.151267e-01
1.488840e-02 9.145868e-01
1.496300e-02 9.140429e-01
1.503800e-02 9.134949e-01
1.511340e-02 9.129455e-01
1.518910e-02 9.123920e-01
1.526530e-02 9.118358e-01
1.534180e-02 9.112769e-01
1.541870e-02 9.107139e-01
1.549600e-02 9.101495e-01
1.557360e-02 9.095797e-01
1.565170e-02 9.090085e-01
1.573020e-02 9.084332e-01
1.580900e-02 9.078552e-01
1.588820e-02 9.072745e-01
1.596790e-02 9.066896e-01
1.604790e-02 9.061021e-01
1.612840e-02 9.055118e-01
1.620920e-02 9.049174e-01
1.629050e-02 9.043190e-01
1.637210e-02 9.037192e-01
1.645420e-02 9.031153e-01
1.653670e-02 9.025073e-01
1.661950e-02 9.018965e-01
1.670290e-02 9.012572e-01
1.678660e-02 9.006410e-01
1.687070e-02 9.000221e-01
1.695530e-02 8.993991e-01
1.704030e-02 8.987734e-01
1.712570e-02 8.981436e-01
1.721150e-02 8.975110e-01
1.729780e-02 8.968744e-01
1.738450e-02 8.962350e-01
1.747160e-02 8.955916e-01
1.755920e-02 8.949454e-01
1.764720e-02 8.942952e-01
1.773570e-02 8.936422e-01
1.782460e-02 8.929851e-01
1.791390e-02 8.923239e-01
1.800370e-02 8.916600e-01
1.809400e-02 8.909934e-01
1.818470e-02 8.903213e-01
1.827580e-02 8.896465e-01
1.836740e-02 8.889690e-01
1.845950e-02 8.882874e-01
1.855200e-02 8.876017e-01
1.864500e-02 8.869133e-01
1.873850e-02 8.862207e-01
1.883240e-02 8.855241e-01
1.892680e-02 8.848248e-01
1.902170e-02 8.841200e-01
1.911700e-02 8.834139e-01
1.921290e-02 8.827022e-01
1.930920e-02 8.819879e-01
1.940590e-02 8.812695e-01
1.950320e-02 8.805470e-01
1.960100e-02 8.798217e-01
1.969920e-02 8.790924e-01
1.979800e-02 8.783590e-01
1.989720e-02 8.776215e-01
1.999690e-02 8.768799e-01
2.009720e-02 8.761356e-01
2.019790e-02 8.753872e-01
2.029920e-02 8.746347e-01
2.040090e-02 8.738781e-01
2.050320e-02 8.731174e-01
2.060590e-02 8.723540e-01
2.070920e-02 8.715851e-01
2.081300e-02 8.708135e-01
2.091740e-02 8.700378e-01
2.102220e-02 8.692581e-01
2.112760e-02 8.684742e-01
2.123350e-02 8.676863e-01
2.133990e-02 8.668942e-01
2.144690e-02 8.660340e-01
2.155440e-02 8.652338e-01
2.166240e-02 8.644282e-01
2.177100e-02 8.636198e-01
2.188010e-02 8.628059e-01
2.198980e-02 8.619893e-01
2.210000e-02 8.611673e-01
2.221080e-02 8.603426e-01
2.232210e-02 8.595123e-01
2.243400e-02 8.586780e-01
2.254650e-02 8.578410e-01
2.265950e-02 8.569985e-01
2.277310e-02 8.561520e-01
2.288720e-02 8.553013e-01
2.300200e-02 8.544479e-01
2.311730e-02 8.535891e-01
2.323310e-02 8.527248e-01
2.334960e-02 8.518578e-01
2.346660e-02 8.509867e-01
2.358430e-02 8.501101e-01
2.370250e-02 8.492309e-01
2.382130e-02 8.483461e-01
2.394070e-02 8.474573e-01
2.406070e-02 8.465644e-01
2.418130e-02 8.456674e-01
2.430250e-02 8.447663e-01
2.442430e-02 8.438597e-01
2.454670e-02 8.429505e-01
2.466980e-02 8.420357e-01
2.479340e-02 8.411169e-01
2.491770e-02 8.401927e-01
2.504260e-02 8.392657e-01
2.516820e-02 8.383332e-01
2.529430e-02 8.373967e-01
2.542110e-02 8.364560e-01
2.554850e-02 8.355113e-01
2.567660e-02 8.345611e-01
2.580530e-02 8.336069e-01
2.593460e-02 8.326485e-01
2.606460e-02 8.316847e-01
2.619530e-02 8.307605e-01
2.632660e-02 8.297885e-01
2.645860e-02 8.288124e-01
2.659120e-02 8.278322e-01
2.672450e-02 8.268480e-01
2.685840e-02 8.258583e-01
2.699310e-02 8.248645e-01
2.712840e-02 8.238652e-01
2.726430e-02 8.228619e-01
2.740100e-02 8.218545e-01
2.753830e-02 8.208430e-01
2.767640e-02 8.198260e-01
2.781510e-02 8.188049e-01
2.795450e-02 8.177784e-01
2.809470e-02 8.167478e-01
2.823550e-02 8.157131e-01
2.837700e-02 8.146744e-01
2.851930e-02 8.136301e-01
2.866220e-02 8.125804e-01
2.880590e-02 8.115280e-01
2.895030e-02 8.104702e-01
2.909540e-02 8.094068e-01
2.924120e-02 8.083394e-01
2.938780e-02 8.072679e-01
2.953510e-02 8.061923e-01
2.968310e-02 8.051113e-01
2.983190e-02 8.040248e-01
2.998150e-02 8.029356e-01
3.013170e-02 8.018409e-01
3.028280e-02 8.007408e-01
3.043460e-02 7.996366e-01
3.058710e-02 7.985283e-01
3.074050e-02 7.974145e-01
3.089450e-02 7.962966e-01
3.104940e-02 7.951624e-01
3.120500e-02 7.940351e-01
3.136150e-02 7.929036e-01
3.151860e-02 7.917666e-01
3.167660e-02 7.906256e-01
3.183540e-02 7.894791e-01
3.199500e-02 7.883286e-01
3.215540e-02 7.871739e-01
3.231650e-02 7.860138e-01
3.247850e-02 7.848496e-01
3.264130e-02 7.836813e-01
3.280490e-02 7.825076e-01
3.296940e-02 7.813297e-01
3.313460e-02 7.801478e-01
3.330070e-02 7.789605e-01
3.346760e-02 7.777676e-01
3.363540e-02 7.765721e-01
3.380400e-02 7.753711e-01
3.397350e-02 7.741660e-01
3.414370e-02 7.729554e-01
3.431490e-02 7.717408e-01
3.448690e-02 7.705221e-01
3.465980e-02 7.692992e-01
3.483350e-02 7.680710e-01
3.500810e-02 7.668386e-01
3.518360e-02 7.656022e-01
3.535990e-02 7.643603e-01
3.553720e-02 7.631143e-01
3.571530e-02 7.618656e-01
3.589430e-02 7.606114e-01
3.607430e-02 7.593518e-01
3.625510e-02 7.580880e-01
3.643680e-02 7.568202e-01
3.661940e-02 7.555483e-01
3.680300e-02 7.542724e-01
3.698750e-02 7.529909e-01
3.717290e-02 7.517054e-01
3.735920e-02 7.504158e-01
3.754650e-02 7.491221e-01
3.773470e-02 7.478243e-01
3.792380e-02 7.465210e-01
3.811390e-02 7.452151e-01
3.830500e-02 7.439036e-01
3.849700e-02 7.425895e-01
3.868990e-02 7.412699e-01
3.888390e-02 7.399462e-01
3.907880e-02 7.386184e-01
3.927470e-02 7.372879e-01
3.947150e-02 7.359519e-01
3.966940e-02 7.346119e-01
3.986820e-02 7.332691e-01
4.006810e-02 7.319208e-01
4.026890e-02 7.305685e-01
4.047070e-02 7.292135e-01
4.067360e-02 7.278543e-01
4.087750e-02 7.264911e-01
4.108240e-02 7.251238e-01
4.128830e-02 7.237524e-01
4.149530e-02 7.223769e-01
4.170330e-02 7.209986e-01
4.191230e-02 7.196163e-01
4.212240e-02 7.182299e-01
4.233350e-02 7.168408e-01
4.254570e-02 7.154476e-01
4.275900e-02 7.140503e-01
4.297330e-02 7.126502e-01
4.318870e-02 7.112461e-01
4.340520e-02 7.098379e-01
4.362280e-02 7.084269e-01
4.384140e-02 7.070119e-01
4.406120e-02 7.055942e-01
4.428210e-02 7.041737e-01
4.450400e-02 7.027491e-01
4.472710e-02 7.013218e-01
4.495130e-02 6.998904e-01
4.517660e-02 6.984563e-01
4.540310e-02 6.970194e-01
4.563060e-02 6.955785e-01
4.585940e-02 6.941348e-01
4.608920e-02 6.926885e-01
4.632030e-02 6.912393e-01
4.655240e-02 6.897875e-01
4.678580e-02 6.883316e-01
4.702030e-02 6.868743e-01
4.725600e-02 6.854129e-01
4.749290e-02 6.839488e-01
4.773090e-02 6.824833e-01
4.797020e-02 6.810138e-01
4.821060e-02 6.795428e-01
4.845230e-02 6.780692e-01
4.869510e-02 6.765928e-01
4.893920e-02 6.751137e-01
4.918450e-02 6.736319e-01
4.943110e-02 6.721487e-01
4.967880e-02 6.706627e-01
4.992790e-02 6.691741e-01
5.017810e-02 6.676841e-01
5.042970e-02 6.661914e-01
5.068240e-02 6.646973e-01
5.093650e-02 6.632004e-01
5.119180e-02 6.617022e-01
5.144840e-02 6.602013e-01
5.170630e-02 6.586990e-01
5.196550e-02 6.571954e-01
5.222590e-02 6.556890e-01
5.248770e-02 6.541813e-01
5.275080e-02 6.526722e-01
5.301530e-02 6.511617e-01
5.328100e-02 6.496499e-01
5.354800e-02 6.481354e-01
5.381640e-02 6.466208e-01
5.408620e-02 6.451036e-01
5.435730e-02 6.435863e-01
5.462980e-02 6.420676e-01
5.490360e-02 6.405463e-01
5.517880e-02 6.390249e-01
5.545540e-02 6.375022e-01
5.573340e-02 6.359795e-01
5.601270e-02 6.344554e-01
5.629350e-02 6.329299e-01
5.657570e-02 6.314031e-01
5.685930e-02 6.298763e-01
5.714430e-02 6.283481e-01
5.743070e-02 6.268199e-01
5.771860e-02 6.252917e-01
5.800790e-02 6.237608e-01
5.829870e-02 6.222313e-01
5.859090e-02 6.207004e-01
5.888460e-02 6.191695e-01
5.917970e-02 6.176386e-01
5.947640e-02 6.161063e-01
5.977450e-02 6.145740e-01
6.007420e-02 6.130417e-01
6.037530e-02 6.115095e-01
6.067790e-02 6.099772e-01
6.098200e-02 6.084449e-01
6.128770e-02 6.069127e-01
6.159490e-02 6.053777e-01
6.190370e-02 6.038427e-01
6.221400e-02 6.023077e-01
6.252580e-02 6.007727e-01
6.283920e-02 5.992377e-01
6.315420e-02 5.977027e-01
6.347070e-02 5.961691e-01
6.378890e-02 5.946341e-01
6.410860e-02 5.931004e-01
6.443000e-02 5.915654e-01
6.475300e-02 5.900318e-01
6.507760e-02 5.884995e-01
6.540380e-02 5.869659e-01
6.573160e-02 5.854336e-01
6.606100e-02 5.839013e-01
6.639220e-02 5.823704e-01
6.672500e-02 5.808395e-01
6.705940e-02 5.793086e-01
6.739560e-02 5.777791e-01
6.773340e-02 5.762495e-01
6.807290e-02 5.747214e-01
6.841420e-02 5.731932e-01
6.875700e-02 5.716664e-01
6.910170e-02 5.701395e-01
6.944810e-02 5.686141e-01
6.979620e-02 5.670900e-01
7.014600e-02 5.655659e-01
7.049770e-02 5.640432e-01
7.085100e-02 5.625204e-01
7.120620e-02 5.609991e-01
7.156310e-02 5.594791e-01
7.192180e-02 5.579604e-01
7.228230e-02 5.564418e-01
7.264460e-02 5.549245e-01
7.300880e-02 5.534086e-01
7.337470e-02 5.518941e-01
7.374250e-02 5.503795e-01
7.411220e-02 5.488663e-01
7.448370e-02 5.473545e-01
7.485700e-02 5.458427e-01
7.523220e-02 5.443336e-01
7.560930e-02 5.428245e-01
7.598830e-02 5.413168e-01
7.636920e-02 5.398090e-01
7.675200e-02 5.383040e-01
7.713670e-02 5.367990e-01
7.752340e-02 5.352954e-01
7.791190e-02 5.337917e-01
7.830250e-02 5.322908e-01
7.869500e-02 5.307885e-01
7.908940e-02 5.292890e-01
7.948590e-02 5.277894e-01
7.988430e-02 5.262913e-01
8.028470e-02 5.247931e-01
8.068720e-02 5.232962e-01
8.109160e-02 5.218008e-01
8.149800e-02 5.203053e-01
8.190660e-02 5.188098e-01
8.231710e-02 5.173157e-01
8.272980e-02 5.158216e-01
8.314450e-02 5.143289e-01
8.356120e-02 5.128348e-01
8.398010e-02 5.113421e-01
8.440110e-02 5.098521e-01
8.482400e-02 5.083593e-01
8.524920e-02 5.068666e-01
8.567660e-02 5.053752e-01
8.610600e-02 5.038825e-01
8.653760e-02 5.023897e-01
8.697140e-02 5.008970e-01
8.740740e-02 4.994043e-01
8.784550e-02 4.979102e-01
8.828580e-02 4.964174e-01
8.872830e-02 4.949233e-01
8.917310e-02 4.934279e-01
8.962010e-02 4.919324e-01
9.006930e-02 4.904356e-01
9.052080e-02 4.889388e-01
9.097450e-02 4.874406e-01
9.143060e-02 4.859424e-01
9.188880e-02 4.844428e-01
9.234940e-02 4.829419e-01
9.281230e-02 4.814396e-01
9.327750e-02 4.799360e-01
9.374510e-02 4.784323e-01
9.421500e-02 4.769260e-01
9.468730e-02 4.754182e-01
9.516190e-02 4.739105e-01
9.563890e-02 4.724000e-01
9.611820e-02 4.708896e-01
9.660000e-02 4.693764e-01
9.708430e-02 4.678619e-01
9.757090e-02 4.663459e-01
9.806000e-02 4.648273e-01
9.855150e-02 4.633087e-01
9.904550e-02 4.617887e-01
9.954200e-02 4.602659e-01
1.000410e-01 4.587418e-01
1.005420e-01 4.572164e-01
1.010460e-01 4.556896e-01
1.015530e-01 4.541614e-01
1.020620e-01 4.526305e-01
1.025730e-01 4.510982e-01
1.030880e-01 4.495659e-01
1.036040e-01 4.480310e-01
1.041240e-01 4.464946e-01
1.046460e-01 4.449569e-01
1.051700e-01 4.434178e-01
1.056970e-01 4.418773e-01
1.062270e-01 4.403355e-01
1.067600e-01 4.387923e-01
1.072950e-01 4.372478e-01
1.078330e-01 4.357019e-01
1.083730e-01 4.341560e-01
1.089160e-01 4.326074e-01
1.094620e-01 4.310587e-01
1.100110e-01 4.295087e-01
1.105620e-01 4.279574e-01
1.111170e-01 4.264060e-01
1.116740e-01 4.248533e-01
1.122330e-01 4.232992e-01
1.127960e-01 4.217452e-01
1.133610e-01 4.201897e-01
1.139290e-01 4.186343e-01
1.145010e-01 4.170775e-01
1.150740e-01 4.155220e-01
1.156510e-01 4.139638e-01
1.162310e-01 4.124070e-01
1.168140e-01 4.108489e-01
1.173990e-01 4.092920e-01
1.179880e-01 4.077339e-01
1.185790e-01 4.061771e-01
1.191730e-01 4.046189e-01
1.197710e-01 4.030621e-01
1.203710e-01 4.015053e-01
1.209740e-01 3.999498e-01
1.215810e-01 3.983944e-01
1.221900e-01 3.968389e-01
1.228030e-01 3.952862e-01
1.234180e-01 3.937335e-01
1.240370e-01 3.921821e-01
1.246590e-01 3.906322e-01
1.252840e-01 3.890849e-01
1.259120e-01 3.875376e-01
1.265430e-01 3.859931e-01
1.271770e-01 3.844513e-01
1.278140e-01 3.829108e-01
1.284550e-01 3.813731e-01
1.290990e-01 3.798381e-01
1.297460e-01 3.783058e-01
1.303960e-01 3.767763e-01
1.310500e-01 3.752508e-01
1.317070e-01 3.737281e-01
1.323670e-01 3.722081e-01
1.330310e-01 3.706936e-01
1.336970e-01 3.691817e-01
1.343680e-01 3.676740e-01
1.350410e-01 3.661704e-01
1.357180e-01 3.646722e-01
1.363980e-01 3.631781e-01
1.370820e-01 3.616881e-01
1.377690e-01 3.602021e-01
1.384600e-01 3.587230e-01
1.391540e-01 3.572467e-01
1.398510e-01 3.557771e-01
1.405520e-01 3.543130e-01
1.412570e-01 3.528530e-01
1.419650e-01 3.513998e-01
1.426760e-01 3.499507e-01
1.433920e-01 3.485084e-01
1.441100e-01 3.470701e-01
1.448330e-01 3.456388e-01
1.455590e-01 3.442128e-01
1.462880e-01 3.427923e-01
1.470220e-01 3.413787e-01
1.477590e-01 3.399704e-01
1.484990e-01 3.385663e-01
1.492440e-01 3.371704e-01
1.499920e-01 3.357785e-01
1.507430e-01 3.343935e-01
1.514990e-01 3.330139e-01
1.522580e-01 3.316397e-01
1.530220e-01 3.302711e-01
1.537890e-01 3.289078e-01
1.545600e-01 3.275501e-01
1.553340e-01 3.261977e-01
1.561130e-01 3.248522e-01
1.568950e-01 3.235108e-01
1.576820e-01 3.221735e-01
1.584720e-01 3.208430e-01
1.592670e-01 3.195165e-01
1.600650e-01 3.181956e-01
1.608670e-01 3.168787e-01
1.616740e-01 3.155659e-01
1.624840e-01 3.142586e-01
1.632980e-01 3.129540e-01
1.641170e-01 3.116548e-01
1.649400e-01 3.103597e-01
1.657660e-01 3.090674e-01
1.665970e-01 3.077791e-01
1.674320e-01 3.064936e-01
1.682720e-01 3.052108e-01
1.691150e-01 3.039321e-01
1.699630e-01 3.026561e-01
1.708150e-01 3.013815e-01
1.716710e-01 3.001110e-01
1.725310e-01 2.988418e-01
1.733960e-01 2.975740e-01
1.742650e-01 2.963089e-01
1.751390e-01 2.950452e-01
1.760170e-01 2.937829e-01
1.768990e-01 2.925205e-01
1.777860e-01 2.912609e-01
1.786770e-01 2.900026e-01
1.795720e-01 2.887444e-01
1.804730e-01 2.874861e-01
1.813770e-01 2.862292e-01
1.822860e-01 2.849723e-01
1.832000e-01 2.837154e-01
1.841190e-01 2.824585e-01
1.850410e-01 2.812016e-01
1.859690e-01 2.799433e-01
1.869010e-01 2.786864e-01
1.878380e-01 2.774295e-01
1.887790e-01 2.761713e-01
1.897260e-01 2.749117e-01
1.906770e-01 2.736520e-01
1.916330e-01 2.723924e-01
1.925930e-01 2.711314e-01
1.935580e-01 2.698704e-01
1.945290e-01 2.686095e-01
1.955040e-01 2.673471e-01
1.964840e-01 2.660847e-01
1.974690e-01 2.648210e-01
1.984580e-01 2.635587e-01
1.994530e-01 2.622963e-01
2.004530e-01 2.610326e-01
2.014580e-01 2.597716e-01
2.024680e-01 2.585093e-01
2.034820e-01 2.572497e-01
2.045020e-01 2.559900e-01
2.055270e-01 2.547331e-01
2.065580e-01 2.534776e-01
2.075930e-01 2.522234e-01
2.086340e-01 2.509733e-01
2.096790e-01 2.497246e-01
2.107300e-01 2.484800e-01
2.117870e-01 2.472381e-01
2.128480e-01 2.460003e-01
2.139150e-01 2.447666e-01
2.149870e-01 2.435383e-01
2.160650e-01 2.423141e-01
2.171480e-01 2.410940e-01
2.182370e-01 2.398794e-01
2.193310e-01 2.386716e-01
2.204300e-01 2.374678e-01
2.215350e-01 2.362709e-01
2.226450e-01 2.350794e-01
2.237610e-01 2.338948e-01
2.248830e-01 2.327170e-01
2.260100e-01 2.315446e-01
2.271430e-01 2.303790e-01
2.282820e-01 2.292203e-01
2.294260e-01 2.280684e-01
2.305760e-01 2.269246e-01
2.317310e-01 2.257863e-01
2.328930e-01 2.246562e-01
2.340600e-01 2.235315e-01
2.352340e-01 2.224150e-01
2.364130e-01 2.213054e-01
2.375980e-01 2.202025e-01
2.387890e-01 2.191051e-01
2.399860e-01 2.180159e-01
2.411890e-01 2.169335e-01
2.423980e-01 2.158565e-01
2.436130e-01 2.147864e-01
2.448340e-01 2.137217e-01
2.460610e-01 2.126639e-01
2.472940e-01 2.116114e-01
2.485340e-01 2.105645e-01
2.497800e-01 2.095230e-01
2.510320e-01 2.084856e-01
2.522900e-01 2.074536e-01
2.535550e-01 2.064257e-01
2.548260e-01 2.054033e-01
2.561030e-01 2.043836e-01
2.573870e-01 2.033666e-01
2.586770e-01 2.023551e-01
2.599740e-01 2.013450e-01
2.612760e-01 2.003389e-01
2.625860e-01 1.993342e-01
2.639020e-01 1.983322e-01
2.652250e-01 1.973316e-01
2.665550e-01 1.963324e-01
2.678910e-01 1.953345e-01
2.692340e-01 1.943380e-01
2.705830e-01 1.933428e-01
2.719390e-01 1.923476e-01
2.733020e-01 1.913525e-01
2.746720e-01 1.903587e-01
2.760490e-01 1.893649e-01
2.774330e-01 1.883711e-01
2.788240e-01 1.873787e-01
2.802210e-01 1.863849e-01
2.816260e-01 1.853924e-01
2.830370e-01 1.844014e-01
2.844560e-01 1.834103e-01
2.858820e-01 1.824206e-01
2.873150e-01 1.814309e-01
2.887550e-01 1.804426e-01
2.902030e-01 1.794569e-01
2.916570e-01 1.784727e-01
2.931190e-01 1.774898e-01
2.945890e-01 1.765096e-01
2.960650e-01 1.755322e-01
2.975490e-01 1.745575e-01
2.990410e-01 1.735855e-01
3.005400e-01 1.726176e-01
3.020460e-01 1.716538e-01
3.035600e-01 1.706927e-01
3.050820e-01 1.697371e-01
3.066110e-01 1.687856e-01
3.081480e-01 1.678381e-01
3.096920e-01 1.668961e-01
3.112450e-01 1.659596e-01
3.128050e-01 1.650285e-01
3.143730e-01 1.641029e-01
3.159490e-01 1.631827e-01
3.175320e-01 1.622693e-01
3.191240e-01 1.613614e-01
3.207230e-01 1.604590e-01
3.223310e-01 1.595633e-01
3.239470e-01 1.586745e-01
3.255710e-01 1.577911e-01
3.272030e-01 1.569132e-01
3.288430e-01 1.560421e-01
3.304910e-01 1.551778e-01
3.321480e-01 1.543190e-01
3.338130e-01 1.534642e-01
3.354860e-01 1.526177e-01
3.371670e-01 1.517738e-01
3.388570e-01 1.509368e-01
3.405560e-01 1.501039e-01
3.422630e-01 1.492750e-01
3.439790e-01 1.484516e-01
3.457030e-01 1.476310e-01
3.474360e-01 1.468144e-01
3.491770e-01 1.460019e-01
3.509270e-01 1.451908e-01
3.526860e-01 1.443838e-01
3.544540e-01 1.435781e-01
3.562310e-01 1.427752e-01
3.580170e-01 1.419736e-01
3.598110e-01 1.411747e-01
3.616150e-01 1.403772e-01
3.634270e-01 1.395811e-01
3.652490e-01 1.387863e-01
3.670800e-01 1.379929e-01
3.689200e-01 1.372009e-01
3.707690e-01 1.364102e-01
3.726280e-01 1.356201e-01
3.744950e-01 1.348320e-01
3.763730e-01 1.340456e-01
3.782590e-01 1.332606e-01
3.801550e-01 1.324779e-01
3.820610e-01 1.316970e-01
3.839760e-01 1.309183e-01
3.859000e-01 1.301422e-01
3.878350e-01 1.293689e-01
3.897790e-01 1.285987e-01
3.917330e-01 1.278316e-01
3.936960e-01 1.270682e-01
3.956690e-01 1.263087e-01
3.976530e-01 1.255531e-01
3.996460e-01 1.248017e-01
4.016490e-01 1.240545e-01
4.036630e-01 1.233119e-01
4.056860e-01 1.225740e-01
4.077200e-01 1.218409e-01
4.097630e-01 1.211125e-01
4.118170e-01 1.203893e-01
4.138810e-01 1.196707e-01
4.159560e-01 1.189571e-01
4.180410e-01 1.182483e-01
4.201360e-01 1.175444e-01
4.222420e-01 1.168452e-01
4.243590e-01 1.161505e-01
4.264860e-01 1.154603e-01
4.286240e-01 1.147743e-01
4.307720e-01 1.140925e-01
4.329310e-01 1.134145e-01
4.351010e-01 1.127401e-01
4.372820e-01 1.120692e-01
4.394740e-01 1.114015e-01
4.416770e-01 1.107369e-01
4.438910e-01 1.100752e-01
4.461160e-01 1.094161e-01
4.483520e-01 1.087596e-01
4.506000e-01 1.081052e-01
4.528580e-01 1.074531e-01
4.551280e-01 1.068029e-01
4.574100e-01 1.061548e-01
4.597020e-01 1.055087e-01
4.620070e-01 1.048644e-01
4.643230e-01 1.042222e-01
4.666500e-01 1.035823e-01
4.689890e-01 1.029444e-01
4.713400e-01 1.023088e-01
4.737020e-01 1.016757e-01
4.760770e-01 1.010451e-01
4.784630e-01 1.004170e-01
4.808620e-01 9.979183e-02
4.832720e-01 9.916952e-02
4.856950e-01 9.855034e-02
4.881290e-01 9.793457e-02
4.905750e-01 9.732193e-02
4.930350e-01 9.671284e-02
4.955060e-01 9.610730e-02
4.979900e-01 9.550557e-02
5.004860e-01 9.490752e-02
5.029950e-01 9.431329e-02
5.055160e-01 9.372287e-02
5.080500e-01 9.313655e-02
5.105960e-01 9.255377e-02
5.131560e-01 9.197494e-02
5.157280e-01 9.139979e-02
5.183130e-01 9.082819e-02
5.209110e-01 9.026013e-02
5.235220e-01 8.969548e-02
5.261470e-01 8.913397e-02
5.287830e-01 8.857572e-02
5.314340e-01 8.802021e-02
5.340980e-01 8.746742e-02
5.367750e-01 8.691736e-02
5.394660e-01 8.636975e-02
5.421700e-01 8.582459e-02
5.448880e-01 8.528189e-02
5.476190e-01 8.474150e-02
5.503640e-01 8.420357e-02
5.531220e-01 8.366782e-02
5.558950e-01 8.313439e-02
5.586810e-01 8.260328e-02
5.614820e-01 8.207435e-02
5.642960e-01 8.154787e-02
5.671250e-01 8.102384e-02
5.699680e-01 8.050227e-02
5.728250e-01 7.998342e-02
5.756960e-01 7.946730e-02
5.785810e-01 7.895378e-02
5.814820e-01 7.844325e-02
5.843960e-01 7.793558e-02
5.873260e-01 7.743091e-02
5.902700e-01 7.692924e-02
5.932290e-01 7.643057e-02
5.962020e-01 7.593504e-02
5.991900e-01 7.544278e-02
6.021940e-01 7.495338e-02
6.052120e-01 7.446711e-02
6.082460e-01 7.398371e-02
6.112950e-01 7.350331e-02
6.143590e-01 7.302577e-02
6.174390e-01 7.255096e-02
6.205340e-01 7.207887e-02
6.236440e-01 7.160951e-02
6.267700e-01 7.114288e-02
6.299110e-01 7.067856e-02
6.330690e-01 7.021670e-02
6.362420e-01 6.975715e-02
6.394310e-01 6.929993e-02
6.426370e-01 6.884502e-02
6.458580e-01 6.839242e-02
6.490950e-01 6.794215e-02
6.523490e-01 6.749419e-02
6.556180e-01 6.704855e-02
6.589050e-01 6.660523e-02
6.622080e-01 6.616423e-02
6.655270e-01 6.572554e-02
6.688630e-01 6.528930e-02
6.722160e-01 6.485552e-02
6.755860e-01 6.442434e-02
6.789710e-01 6.399574e-02
6.823750e-01 6.356959e-02
6.857950e-01 6.314617e-02
6.892330e-01 6.272521e-02
6.926880e-01 6.230683e-02
6.961600e-01 6.189105e-02
6.996500e-01 6.147771e-02
7.031570e-01 6.106697e-02
7.066810e-01 6.065869e-02
7.102230e-01 6.025285e-02
7.137830e-01 5.984934e-02
7.173610e-01 5.944814e-02
7.209570e-01 5.904926e-02
7.245710e-01 5.865269e-02
7.282030e-01 5.825831e-02
7.318530e-01 5.786625e-02
7.355210e-01 5.747636e-02
7.392080e-01 5.708866e-02
7.429130e-01 5.670314e-02
7.466370e-01 5.631966e-02
7.503800e-01 5.593850e-02
7.541410e-01 5.555939e-02
7.579210e-01 5.518245e-02
7.617200e-01 5.480784e-02
7.655390e-01 5.443527e-02
7.693750e-01 5.406515e-02
7.732320e-01 5.369708e-02
7.771080e-01 5.333119e-02
7.810030e-01 5.296762e-02
7.849180e-01 5.260636e-02
7.888530e-01 5.224728e-02
7.928070e-01 5.189039e-02
7.967810e-01 5.153554e-02
8.007750e-01 5.118301e-02
8.047880e-01 5.083266e-02
8.088220e-01 5.048436e-02
8.128770e-01 5.013823e-02
8.169510e-01 4.979402e-02
8.210460e-01 4.945198e-02
8.251620e-01 4.911199e-02
8.292980e-01 4.877391e-02
8.334550e-01 4.843787e-02
8.376320e-01 4.810402e-02
8.418310e-01 4.777194e-02
8.460510e-01 4.744190e-02
8.502920e-01 4.711377e-02
8.545540e-01 4.678782e-02
8.588370e-01 4.646365e-02
8.631420e-01 4.614165e-02
8.674690e-01 4.582143e-02
8.718170e-01 4.550339e-02
8.761870e-01 4.518725e-02
8.805790e-01 4.487303e-02
8.849930e-01 4.456085e-02
8.894290e-01 4.425058e-02
8.938870e-01 4.394222e-02
8.983680e-01 4.363563e-02
9.028710e-01 4.333108e-02
9.073970e-01 4.302844e-02
9.119440e-01 4.272771e-02
9.165160e-01 4.242876e-02
9.211100e-01 4.213171e-02
9.257270e-01 4.183643e-02
9.303670e-01 4.154307e-02
9.350310e-01 4.125147e-02
9.397180e-01 4.096165e-02
9.444280e-01 4.067360e-02
9.491620e-01 4.038746e-02
9.539190e-01 4.010309e-02
9.587010e-01 3.982049e-02
9.635070e-01 3.953966e-02
9.683360e-01 3.926048e-02
9.731900e-01 3.898319e-02
9.780680e-01 3.870769e-02
9.829710e-01 3.843381e-02
9.878980e-01 3.816185e-02
9.928490e-01 3.789152e-02
9.978260e-01 3.762296e-02
1.002830e+00 3.735591e-02
1.007850e+00 3.709076e-02
1.012910e+00 3.682725e-02
1.017980e+00 3.656537e-02
1.023090e+00 3.630513e-02
1.028220e+00 3.604652e-02
1.033370e+00 3.578969e-02
1.038550e+00 3.553450e-02
1.043750e+00 3.528080e-02
1.048990e+00 3.502887e-02
1.054240e+00 3.477845e-02
1.059530e+00 3.452966e-02
1.064840e+00 3.428250e-02
1.070180e+00 3.403699e-02
1.075540e+00 3.379297e-02
1.080930e+00 3.355059e-02
1.086350e+00 3.330984e-02
1.091800e+00 3.307059e-02
1.097270e+00 3.283285e-02
1.102770e+00 3.259673e-02
1.108300e+00 3.236199e-02
1.113850e+00 3.212901e-02
1.119430e+00 3.189740e-02
1.125050e+00 3.166728e-02
1.130690e+00 3.143881e-02
1.136350e+00 3.121169e-02
1.142050e+00 3.098608e-02
1.147770e+00 3.076196e-02
1.153530e+00 3.053921e-02
1.159310e+00 3.031810e-02
1.165120e+00 3.009834e-02
1.170960e+00 2.988009e-02
1.176830e+00 2.966320e-02
1.182730e+00 2.944781e-02
1.188660e+00 2.923378e-02
1.194620e+00 2.902126e-02
1.200600e+00 2.881009e-02
1.206620e+00 2.860029e-02
1.212670e+00 2.839185e-02
1.218750e+00 2.818491e-02
1.224860e+00 2.797920e-02
1.231000e+00 2.777499e-02
1.237170e+00 2.757201e-02
1.243370e+00 2.737038e-02
1.249600e+00 2.717026e-02
1.255860e+00 2.697137e-02
1.262160e+00 2.677370e-02
1.268490e+00 2.657753e-02
1.274840e+00 2.638259e-02
1.281230e+00 2.618901e-02
1.287660e+00 2.599666e-02
1.294110e+00 2.580567e-02
1.300600e+00 2.561591e-02
1.307120e+00 2.542737e-02
1.313670e+00 2.524020e-02
1.320250e+00 2.505426e-02
1.326870e+00 2.486954e-02
1.333520e+00 2.468618e-02
1.340210e+00 2.450392e-02
1.346920e+00 2.432288e-02
1.353680e+00 2.414321e-02
1.360460e+00 2.396463e-02
1.367280e+00 2.378741e-02
1.374140e+00 2.361128e-02
1.381020e+00 2.343638e-02
1.387940e+00 2.326270e-02
1.394900e+00 2.309011e-02
1.401890e+00 2.291876e-02
1.408920e+00 2.274849e-02
1.415980e+00 2.257945e-02
1.423080e+00 2.241164e-02
1.430210e+00 2.224491e-02
1.437380e+00 2.207928e-02
1.444590e+00 2.191487e-02
1.451830e+00 2.175156e-02
1.459110e+00 2.158934e-02
1.466420e+00 2.142820e-02
1.473770e+00 2.126829e-02
1.481160e+00 2.110934e-02
1.488580e+00 2.095162e-02
1.496040e+00 2.079484e-02
1.503540e+00 2.063930e-02
1.511080e+00 2.048471e-02
1.518650e+00 2.033135e-02
1.526270e+00 2.017894e-02
1.533920e+00 2.002748e-02
1.541610e+00 1.987725e-02
1.549330e+00 1.972798e-02
1.557100e+00 1.957966e-02
1.564900e+00 1.943257e-02
1.572750e+00 1.928629e-02
1.580630e+00 1.914125e-02
1.588550e+00 1.899702e-02
1.596520e+00 1.885388e-02
1.604520e+00 1.871169e-02
1.612560e+00 1.857060e-02
1.620650e+00 1.843046e-02
1.628770e+00 1.829127e-02
1.636930e+00 1.815304e-02
1.645140e+00 1.801590e-02
1.653380e+00 1.787958e-02
1.661670e+00 1.774435e-02
1.670000e+00 1.760993e-02
1.678370e+00 1.747647e-02
1.686790e+00 1.734410e-02
1.695240e+00 1.721255e-02
1.703740e+00 1.708195e-02
1.712280e+00 1.695217e-02
1.720860e+00 1.682348e-02
1.729490e+00 1.669561e-02
1.738160e+00 1.656856e-02
1.746870e+00 1.644260e-02
1.755620e+00 1.631732e-02
1.764420e+00 1.619313e-02
1.773270e+00 1.606975e-02
1.782160e+00 1.594720e-02
1.791090e+00 1.582560e-02
1.800070e+00 1.570482e-02
1.809090e+00 1.558485e-02
1.818160e+00 1.546571e-02
1.827270e+00 1.534751e-02
1.836430e+00 1.523014e-02
1.845640e+00 1.511358e-02
1.854890e+00 1.499785e-02
1.864180e+00 1.488306e-02
1.873530e+00 1.476896e-02
1.882920e+00 1.465568e-02
1.892360e+00 1.454335e-02
1.901840e+00 1.443170e-02
1.911380e+00 1.432087e-02
1.920960e+00 1.421085e-02
1.930590e+00 1.410152e-02
1.940260e+00 1.399315e-02
1.949990e+00 1.388545e-02
1.959760e+00 1.377857e-02
1.969590e+00 1.367238e-02
1.979460e+00 1.356708e-02
1.989380e+00 1.346248e-02
1.999350e+00 1.335863e-02
2.009370e+00 1.325556e-02
2.019450e+00 1.315322e-02
2.029570e+00 1.305160e-02
2.039740e+00 1.295074e-02
2.049970e+00 1.285060e-02
2.060240e+00 1.275119e-02
2.070570e+00 1.265249e-02
2.080950e+00 1.255452e-02
2.091380e+00 1.245728e-02
2.101860e+00 1.236072e-02
2.112400e+00 1.226487e-02
2.122990e+00 1.216972e-02
2.133630e+00 1.207524e-02
2.144320e+00 1.198148e-02
2.155070e+00 1.188840e-02
2.165870e+00 1.179599e-02
2.176730e+00 1.170426e-02
2.187640e+00 1.161322e-02
2.198610e+00 1.152284e-02
2.209630e+00 1.143311e-02
2.220700e+00 1.134404e-02
2.231840e+00 1.125562e-02
2.243020e+00 1.116785e-02
2.254270e+00 1.108073e-02
2.265570e+00 1.099426e-02
2.276920e+00 1.090843e-02
2.288330e+00 1.082321e-02
2.299800e+00 1.073864e-02
2.311330e+00 1.065468e-02
2.322920e+00 1.057133e-02
2.334560e+00 1.048861e-02
2.346260e+00 1.040649e-02
2.358030e+00 1.032498e-02
2.369840e+00 1.024409e-02
2.381720e+00 1.016378e-02
2.393660e+00 1.008407e-02
2.405660e+00 1.000495e-02
2.417720e+00 9.926413e-03
2.429840e+00 9.848463e-03
2.442020e+00 9.771086e-03
2.454260e+00 9.694282e-03
2.466560e+00 9.618064e-03
2.478920e+00 9.542418e-03
2.491350e+00 9.467318e-03
2.503840e+00 9.392777e-03
2.516390e+00 9.318794e-03
2.529000e+00 9.245357e-03
2.541680e+00 9.172479e-03
2.554420e+00 9.100132e-03
2.567220e+00 9.028331e-03
2.580090e+00 8.957075e-03
2.593020e+00 8.886350e-03
2.606020e+00 8.816144e-03
2.619080e+00 8.746469e-03
2.632210e+00 8.677313e-03
2.645410e+00 8.608674e-03
2.658670e+00 8.540553e-03
2.671990e+00 8.472937e-03
2.685380e+00 8.405853e-03
2.698840e+00 8.339245e-03
2.712370e+00 8.273142e-03
2.725970e+00 8.207544e-03
2.739630e+00 8.142436e-03
2.753370e+00 8.077819e-03
2.767170e+00 8.013692e-03
2.781040e+00 7.950043e-03
2.794980e+00 7.886871e-03
2.808990e+00 7.824203e-03
2.823070e+00 7.761986e-03
2.837220e+00 7.700231e-03
2.851440e+00 7.638954e-03
2.865730e+00 7.578140e-03
2.880100e+00 7.517790e-03
2.894530e+00 7.457890e-03
2.909040e+00 7.398453e-03
2.923620e+00 7.339466e-03
2.938280e+00 7.280929e-03
2.953010e+00 7.222828e-03
2.967810e+00 7.165163e-03
2.982690e+00 7.107949e-03
2.997640e+00 7.051157e-03
3.012660e+00 6.994801e-03
3.027760e+00 6.938881e-03
3.042940e+00 6.883397e-03
3.058190e+00 6.828323e-03
3.073520e+00 6.773671e-03
3.088930e+00 6.719428e-03
3.104410e+00 6.665608e-03
3.119970e+00 6.612197e-03
3.135610e+00 6.559194e-03
3.151330e+00 6.506587e-03
3.167130e+00 6.454389e-03
3.183000e+00 6.402600e-03
3.198950e+00 6.351193e-03
3.214990e+00 6.300194e-03
3.231100e+00 6.249577e-03
3.247300e+00 6.199342e-03
3.263580e+00 6.149503e-03
3.279940e+00 6.100045e-03
3.296380e+00 6.050955e-03
3.312900e+00 6.002260e-03
3.329510e+00 5.953934e-03
3.346200e+00 5.905975e-03
3.362970e+00 5.858385e-03
3.379830e+00 5.811163e-03
3.396770e+00 5.764295e-03
3.413790e+00 5.717809e-03
3.430910e+00 5.671663e-03
3.448100e+00 5.625886e-03
3.465390e+00 5.580463e-03
3.482760e+00 5.535381e-03
3.500210e+00 5.490654e-03
3.517760e+00 5.446267e-03
3.535390e+00 5.402221e-03
3.553110e+00 5.358516e-03
3.570920e+00 5.315165e-03
3.588820e+00 5.272142e-03
3.606810e+00 5.229445e-03
3.624890e+00 5.187090e-03
3.643060e+00 5.145061e-03
3.661320e+00 5.103360e-03
3.679670e+00 5.061972e-03
3.698120e+00 5.020912e-03
3.716660e+00 4.980165e-03
3.735290e+00 4.939745e-03
3.754010e+00 4.899639e-03
3.772820e+00 4.859846e-03
3.791740e+00 4.820367e-03
3.810740e+00 4.781188e-03
3.829840e+00 4.742309e-03
3.849040e+00 4.703729e-03
3.868340e+00 4.665463e-03
3.887730e+00 4.627497e-03
3.907210e+00 4.589831e-03
3.926800e+00 4.552452e-03
3.946480e+00 4.515358e-03
3.966260e+00 4.478551e-03
3.986140e+00 4.442044e-03
4.006120e+00 4.405823e-03
4.026210e+00 4.369874e-03
4.046390e+00 4.334212e-03
4.066670e+00 4.298836e-03
4.087050e+00 4.263747e-03
4.107540e+00 4.228916e-03
4.128130e+00 4.194358e-03
4.148820e+00 4.160073e-03
4.169620e+00 4.126061e-03
4.190520e+00 4.092307e-03
4.211520e+00 4.058826e-03
4.232630e+00 4.025618e-03
4.253850e+00 3.992669e-03
4.275170e+00 3.959965e-03
4.296600e+00 3.927520e-03
4.318140e+00 3.895348e-03
4.339780e+00 3.863407e-03
4.361540e+00 3.831739e-03
4.383400e+00 3.800303e-03
4.405370e+00 3.769126e-03
4.427450e+00 3.738194e-03
4.449640e+00 3.707508e-03
4.471950e+00 3.677067e-03
4.494360e+00 3.646858e-03
4.516890e+00 3.616894e-03
4.539530e+00 3.587162e-03
4.562290e+00 3.557662e-03
4.585160e+00 3.528407e-03
4.608140e+00 3.499384e-03
4.631240e+00 3.470579e-03
4.654450e+00 3.442019e-03
4.677780e+00 3.413664e-03
4.701230e+00 3.385554e-03
4.724800e+00 3.357662e-03
4.748480e+00 3.329989e-03
4.772280e+00 3.302533e-03
4.796200e+00 3.275296e-03
4.820240e+00 3.248277e-03
4.844400e+00 3.221476e-03
4.868680e+00 3.194879e-03
4.893090e+00 3.168501e-03
4.917620e+00 3.142327e-03
4.942270e+00 3.116371e-03
4.967040e+00 3.090619e-03
4.991940e+00 3.065072e-03
5.016960e+00 3.039730e-03
5.042110e+00 3.014578e-03
5.067380e+00 2.989645e-03
5.092780e+00 2.964902e-03
5.118310e+00 2.940351e-03
5.143970e+00 2.916003e-03
5.169750e+00 2.891847e-03
5.195660e+00 2.867895e-03
5.221710e+00 2.844120e-03
5.247880e+00 2.820550e-03
5.274180e+00 2.797157e-03
5.300620e+00 2.773955e-03
5.327190e+00 2.750943e-03
5.353890e+00 2.728109e-03
5.380730e+00 2.705466e-03
5.407700e+00 2.683000e-03
5.434810e+00 2.660711e-03
5.462050e+00 2.638613e-03
5.489430e+00 2.616679e-03
5.516940e+00 2.594922e-03
5.544600e+00 2.573355e-03
5.572390e+00 2.551939e-03
5.600320e+00 2.530714e-03
5.628400e+00 2.509652e-03
5.656610e+00 2.488753e-03
5.684960e+00 2.468046e-03
5.713450e+00 2.447488e-03
5.742090e+00 2.427094e-03
5.770880e+00 2.406864e-03
5.799800e+00 2.386797e-03
5.828880e+00 2.366894e-03
5.858090e+00 2.347155e-03
5.887460e+00 2.327579e-03
5.916970e+00 2.308153e-03
5.946620e+00 2.288890e-03
5.976430e+00 2.269778e-03
6.006390e+00 2.250815e-03
6.036500e+00 2.232016e-03
6.066760e+00 2.213367e-03
6.097170e+00 2.194868e-03
6.127730e+00 2.176519e-03
6.158450e+00 2.158320e-03
6.189310e+00 2.140271e-03
6.220340e+00 2.122358e-03
6.251520e+00 2.104595e-03
6.282850e+00 2.086982e-03
6.314350e+00 2.069506e-03
6.346000e+00 2.052179e-03
6.377810e+00 2.034975e-03
6.409780e+00 2.017935e-03
6.441900e+00 2.001017e-03
6.474190e+00 1.984236e-03
6.506640e+00 1.967604e-03
6.539260e+00 1.951095e-03
6.572040e+00 1.934723e-03
6.604980e+00 1.918487e-03
6.638090e+00 1.902387e-03
6.671360e+00 1.886410e-03
6.704810e+00 1.870570e-03
6.738410e+00 1.854851e-03
6.772190e+00 1.839270e-03
6.806130e+00 1.823811e-03
6.840250e+00 1.808474e-03
6.874540e+00 1.793274e-03
6.909000e+00 1.778183e-03
6.943630e+00 1.763229e-03
6.978430e+00 1.748383e-03
7.013410e+00 1.733674e-03
7.048560e+00 1.719074e-03
7.083900e+00 1.704596e-03
7.119400e+00 1.690241e-03
7.155090e+00 1.675996e-03
7.190960e+00 1.661873e-03
7.227000e+00 1.647859e-03
7.263230e+00 1.633967e-03
7.299630e+00 1.620199e-03
7.336220e+00 1.606526e-03
7.372990e+00 1.592975e-03
7.409950e+00 1.579534e-03
7.447100e+00 1.566188e-03
7.484430e+00 1.552964e-03
7.521940e+00 1.539850e-03
7.559650e+00 1.526845e-03
7.597540e+00 1.513949e-03
7.635620e+00 1.501148e-03
7.673890e+00 1.488456e-03
7.712360e+00 1.475874e-03
7.751020e+00 1.463400e-03
7.789870e+00 1.451008e-03
7.828920e+00 1.438739e-03
7.868160e+00 1.426566e-03
7.907600e+00 1.414487e-03
7.947230e+00 1.402505e-03
7.987070e+00 1.390631e-03
8.027100e+00 1.378852e-03
8.067340e+00 1.367170e-03
8.107780e+00 1.355579e-03
8.148420e+00 1.344087e-03
8.189270e+00 1.332691e-03
8.230320e+00 1.321390e-03
8.271560e+00 1.310183e-03
8.313030e+00 1.299067e-03
8.354700e+00 1.288042e-03
8.396580e+00 1.277109e-03
8.438670e+00 1.266266e-03
8.480970e+00 1.255513e-03
8.523480e+00 1.244848e-03
8.566200e+00 1.234272e-03
8.609140e+00 1.223784e-03
8.652290e+00 1.213385e-03
8.695660e+00 1.203069e-03
8.739250e+00 1.192840e-03
8.783050e+00 1.182695e-03
8.827080e+00 1.172633e-03
8.871330e+00 1.162655e-03
8.915800e+00 1.152759e-03
8.960490e+00 1.142947e-03
9.005390e+00 1.133216e-03
9.050530e+00 1.123566e-03
9.095900e+00 1.113995e-03
9.141500e+00 1.104504e-03
9.187320e+00 1.095091e-03
9.233370e+00 1.085757e-03
9.279660e+00 1.076500e-03
9.326170e+00 1.067320e-03
9.372910e+00 1.058219e-03
9.419890e+00 1.049192e-03
9.467110e+00 1.040240e-03
9.514570e+00 1.031362e-03
9.562260e+00 1.022557e-03
9.610190e+00 1.013827e-03
9.658370e+00 1.005169e-03
9.706780e+00 9.965851e-04
9.755430e+00 9.880704e-04
9.804330e+00 9.796293e-04
9.853470e+00 9.712563e-04
9.902860e+00 9.629542e-04
9.952500e+00 9.547203e-04
1.000240e+01 9.465546e-04
