9.908210e-06 1.000000e+00
9.957880e-06 1.000000e+00
1.000780e-05 1.000000e+00
1.005800e-05 1.000000e+00
1.010840e-05 1.000000e+00
1.015900e-05 1.000000e+00
1.021000e-05 1.000000e+00
1.026110e-05 1.000000e+00
1.031260e-05 1.000000e+00
1.036430e-05 1.000000e+00
1.041620e-05 1.000000e+00
1.046840e-05 1.000000e+00
1.052090e-05 1.000000e+00
1.057360e-05 1.000000e+00
1.062660e-05 1.000000e+00
1.067990e-05 1.000000e+00
1.073340e-05 1.000000e+00
1.078720e-05 1.000000e+00
1.084130e-05 1.000000e+00
1.089570e-05 1.000000e+00
1.095030e-05 1.000000e+00
1.100520e-05 1.000000e+00
1.106030e-05 1.000000e+00
1.111580e-05 1.000000e+00
1.117150e-05 1.000000e+00
1.122750e-05 1.000000e+00
1.128380e-05 1.000000e+00
1.134030e-05 1.000000e+00
1.139720e-05 1.000000e+00
1.145430e-05 1.000000e+00
1.151170e-05 1.000000e+00
1.156940e-05 1.000000e+00
1.162740e-05 1.000000e+00
1.168570e-05 1.000000e+00
1.174430e-05 1.000000e+00
1.180310e-05 1.000000e+00
1.186230e-05 1.000000e+00
1.192170e-05 1.000000e+00
1.198150e-05 1.000000e+00
1.204160e-05 1.000000e+00
1.210190e-05 1.000000e+00
1.216260e-05 1.000000e+00
1.222350e-05 1.000000e+00
1.228480e-05 1.000000e+00
1.234640e-05 1.000000e+00
1.240830e-05 1.000000e+00
1.247050e-05 1.000000e+00
1.253300e-05 1.000000e+00
1.259580e-05 1.000000e+00
1.265890e-05 1.000000e+00
1.272240e-05 1.000000e+00
1.278620e-05 1.000000e+00
1.285030e-05 1.000000e+00
1.291470e-05 1.000000e+00
1.297940e-05 1.000000e+00
1.304450e-05 1.000000e+00
1.310990e-05 1.000000e+00
1.317560e-05 1.000000e+00
1.324160e-05 1.000000e+00
1.330800e-05 1.000000e+00
1.337470e-05 1.000000e+00
1.344170e-05 1.000000e+00
1.350910e-05 1.000000e+00
1.357680e-05 1.000000e+00
1.364490e-05 1.000000e+00
1.371330e-05 1.000000e+00
1.378200e-05 1.000000e+00
1.385110e-05 1.000000e+00
1.392050e-05 1.000000e+00
1.399030e-05 1.000000e+00
1.406040e-05 1.000000e+00
1.413090e-05 1.000000e+00
1.420170e-05 1.000000e+00
1.427290e-05 1.000000e+00
1.434450e-05 1.000000e+00
1.441640e-05 1.000000e+00
1.448860e-05 1.000000e+00
1.456130e-05 1.000000e+00
1.463420e-05 1.000000e+00
1.470760e-05 1.000000e+00
1.478130e-05 1.000000e+00
1.485540e-05 1.000000e+00
1.492990e-05 1.000000e+00
1.500470e-05 1.000000e+00
1.507990e-05 1.000000e+00
1.515550e-05 1.000000e+00
1.523150e-05 1.000000e+00
1.530780e-05 1.000000e+00
1.538460e-05 1.000000e+00
1.546170e-05 1.000000e+00
1.553920e-05 1.000000e+00
1.561710e-05 1.000000e+00
1.569530e-05 1.000000e+00
1.577400e-05 1.000000e+00
1.585310e-05 1.000000e+00
1.593250e-05 1.000000e+00
1.601240e-05 1.000000e+00
1.609270e-05 1.000000e+00
1.617330e-05 1.000000e+00
1.625440e-05 1.000000e+00
1.633590e-05 1.000000e+00
1.641780e-05 1.000000e+00
1.650010e-05 1.000000e+00
1.658280e-05 1.000000e+00
1.666590e-05 1.000000e+00
1.674940e-05 1.000000e+00
1.683340e-05 9.999949e-01
1.691780e-05 9.999949e-01
1.700260e-05 9.999949e-01
1.708780e-05 9.999949e-01
1.717340e-05 9.999949e-01
1.725950e-05 9.999949e-01
1.734600e-05 9.999949e-01
1.743300e-05 9.999949e-01
1.752040e-05 9.999949e-01
1.760820e-05 9.999949e-01
1.769640e-05 9.999949e-01
1.778520e-05 9.999949e-01
1.787430e-05 9.999949e-01
1.796390e-05 9.999949e-01
1.805390e-05 9.999949e-01
1.814440e-05 9.999949e-01
1.823540e-05 9.999949e-01
1.832680e-05 9.999949e-01
1.841870e-05 9.999949e-01
1.851100e-05 9.999949e-01
1.860380e-05 9.999949e-01
1.869700e-05 9.999949e-01
1.879070e-05 9.999949e-01
1.888490e-05 9.999949e-01
1.897960e-05 9.999949e-01
1.907470e-05 9.999949e-01
1.917030e-05 9.999949e-01
1.926640e-05 9.999949e-01
1.936300e-05 9.999949e-01
1.946010e-05 9.999949e-01
1.955760e-05 9.999949e-01
1.965560e-05 9.999949e-01
1.975420e-05 9.999949e-01
1.985320e-05 9.999949e-01
1.995270e-05 9.999949e-01
2.005270e-05 9.999949e-01
2.015320e-05 9.999949e-01
2.025420e-05 9.999949e-01
2.035580e-05 9.999949e-01
2.045780e-05 9.999949e-01
2.056030e-05 9.999949e-01
2.066340e-05 9.999949e-01
2.076700e-05 9.999949e-01
2.087110e-05 9.999949e-01
2.097570e-05 9.999949e-01
2.108080e-05 9.999949e-01
2.118650e-05 9.999949e-01
2.129270e-05 9.999949e-01
2.139940e-05 9.999949e-01
2.150670e-05 9.999949e-01
2.161450e-05 9.999949e-01
2.172280e-05 9.999949e-01
2.183170e-05 9.999949e-01
2.194120e-05 9.999949e-01
2.205110e-05 9.999949e-01
2.216170e-05 9.999949e-01
2.227280e-05 9.999949e-01
2.238440e-05 9.999949e-01
2.249660e-05 9.999949e-01
2.260940e-05 9.999949e-01
2.272270e-05 9.999949e-01
2.283660e-05 9.999949e-01
2.295110e-05 9.999949e-01
2.306610e-05 9.999949e-01
2.318170e-05 9.999949e-01
2.329790e-05 9.999949e-01
2.341470e-05 9.999949e-01
2.353210e-05 9.999949e-01
2.365000e-05 9.999949e-01
2.376860e-05 9.999949e-01
2.388770e-05 9.999949e-01
2.400740e-05 9.999949e-01
2.412780e-05 9.999949e-01
2.424870e-05 9.999949e-01
2.437030e-05 9.999949e-01
2.449240e-05 9.999949e-01
2.461520e-05 9.999949e-01
2.473860e-05 9.999949e-01
2.486260e-05 9.999949e-01
2.498720e-05 9.999949e-01
2.511250e-05 9.999897e-01
2.523830e-05 9.999897e-01
2.536480e-05 9.999897e-01
2.549200e-05 9.999897e-01
2.561980e-05 9.999897e-01
2.574820e-05 9.999897e-01
2.587720e-05 9.999897e-01
2.600700e-05 9.999897e-01
2.613730e-05 9.999897e-01
2.626830e-05 9.999897e-01
2.640000e-05 9.999897e-01
2.653230e-05 9.999897e-01
2.666530e-05 9.999897e-01
2.679900e-05 9.999897e-01
2.693330e-05 9.999897e-01
2.706830e-05 9.999897e-01
2.720400e-05 9.999897e-01
2.734040e-05 9.999897e-01
2.747740e-05 9.999897e-01
2.761510e-05 9.999897e-01
2.775360e-05 9.999897e-01
2.789270e-05 9.999897e-01
2.803250e-05 9.999897e-01
2.817300e-05 9.999897e-01
2.831420e-05 9.999897e-01
2.845610e-05 9.999897e-01
2.859880e-05 9.999897e-01
2.874210e-05 9.999897e-01
2.888620e-05 9.999897e-01
2.903100e-05 9.999897e-01
2.917650e-05 9.999897e-01
2.932280e-05 9.999897e-01
2.946970e-05 9.999897e-01
2.961750e-05 9.999897e-01
2.976590e-05 9.999897e-01
2.991510e-05 9.999897e-01
3.006510e-05 9.999897e-01
3.021580e-05 9.999897e-01
3.036720e-05 9.999897e-01
3.051940e-05 9.999897e-01
3.067240e-05 9.999897e-01
3.082620e-05 9.999897e-01
3.098070e-05 9.999897e-01
3.113600e-05 9.999897e-01
3.129200e-05 9.999897e-01
3.144890e-05 9.999846e-01
3.160650e-05 9.999846e-01
3.176500e-05 9.999846e-01
3.192420e-05 9.999846e-01
3.208420e-05 9.999846e-01
3.224500e-05 9.999846e-01
3.240670e-05 9.999846e-01
3.256910e-05 9.999846e-01
3.273240e-05 9.999846e-01
3.289640e-05 9.999846e-01
3.306130e-05 9.999846e-01
3.322700e-05 9.999846e-01
3.339360e-05 9.999846e-01
3.356100e-05 9.999846e-01
3.372920e-05 9.999846e-01
3.389830e-05 9.999846e-01
3.406820e-05 9.999846e-01
3.423900e-05 9.999846e-01
3.441060e-05 9.999846e-01
3.458310e-05 9.999846e-01
3.475640e-05 9.999846e-01
3.493060e-05 9.999846e-01
3.510570e-05 9.999846e-01
3.528170e-05 9.999846e-01
3.545850e-05 9.999846e-01
3.563630e-05 9.999846e-01
3.581490e-05 9.999846e-01
3.599440e-05 9.999846e-01
3.617480e-05 9.999846e-01
3.635620e-05 9.999846e-01
3.653840e-05 9.999795e-01
3.672160e-05 9.999795e-01
3.690560e-05 9.999795e-01
3.709060e-05 9.999795e-01
3.727650e-05 9.999795e-01
3.746340e-05 9.999795e-01
3.765120e-05 9.999795e-01
3.783990e-05 9.999795e-01
3.802960e-05 9.999795e-01
3.822020e-05 9.999795e-01
3.841180e-05 9.999795e-01
3.860430e-05 9.999795e-01
3.879780e-05 9.999795e-01
3.899230e-05 9.999795e-01
3.918770e-05 9.999795e-01
3.938420e-05 9.999795e-01
3.958160e-05 9.999795e-01
3.978000e-05 9.999795e-01
3.997940e-05 9.999795e-01
4.017980e-05 9.999795e-01
4.038120e-05 9.999795e-01
4.058360e-05 9.999795e-01
4.078700e-05 9.999795e-01
4.099150e-05 9.999795e-01
4.119690e-05 9.999744e-01
4.140340e-05 9.999744e-01
4.161100e-05 9.999744e-01
4.181960e-05 9.999744e-01
4.202920e-05 9.999744e-01
4.223980e-05 9.999744e-01
4.245160e-05 9.999744e-01
4.266440e-05 9.999744e-01
4.287820e-05 9.999744e-01
4.309310e-05 9.999744e-01
4.330920e-05 9.999744e-01
4.352620e-05 9.999744e-01
4.374440e-05 9.999744e-01
4.396370e-05 9.999744e-01
4.418410e-05 9.999744e-01
4.440550e-05 9.999744e-01
4.462810e-05 9.999744e-01
4.485180e-05 9.999744e-01
4.507660e-05 9.999744e-01
4.530260e-05 9.999692e-01
4.552970e-05 9.999692e-01
4.575790e-05 9.999692e-01
4.598720e-05 9.999692e-01
4.621770e-05 9.999692e-01
4.644940e-05 9.999692e-01
4.668220e-05 9.999692e-01
4.691620e-05 9.999692e-01
4.715140e-05 9.999692e-01
4.738780e-05 9.999692e-01
4.762530e-05 9.999692e-01
4.786400e-05 9.999692e-01
4.810390e-05 9.999692e-01
4.834510e-05 9.999692e-01
4.858740e-05 9.999692e-01
4.883090e-05 9.999692e-01
4.907570e-05 9.999641e-01
4.932170e-05 9.999641e-01
4.956890e-05 9.999641e-01
4.981740e-05 9.999641e-01
5.006710e-05 9.999641e-01
5.031810e-05 9.999641e-01
5.057030e-05 9.999641e-01
5.082380e-05 9.999641e-01
5.107850e-05 9.999641e-01
5.133450e-05 9.999641e-01
5.159190e-05 9.999641e-01
5.185050e-05 9.999641e-01
5.211040e-05 9.999641e-01
5.237160e-05 9.999641e-01
5.263410e-05 9.999590e-01
5.289790e-05 9.999590e-01
5.316310e-05 9.999590e-01
5.342960e-05 9.999590e-01
5.369740e-05 9.999590e-01
5.396650e-05 9.999590e-01
5.423700e-05 9.999590e-01
5.450890e-05 9.999590e-01
5.478210e-05 9.999590e-01
5.505670e-05 9.999590e-01
5.533270e-05 9.999590e-01
5.561000e-05 9.999590e-01
5.588880e-05 9.999539e-01
5.616890e-05 9.999539e-01
5.645050e-05 9.999539e-01
5.673350e-05 9.999539e-01
5.701780e-05 9.999539e-01
5.730360e-05 9.999539e-01
5.759090e-05 9.999539e-01
5.787950e-05 9.999539e-01
5.816970e-05 9.999539e-01
5.846120e-05 9.999539e-01
5.875430e-05 9.999539e-01
5.904880e-05 9.999487e-01
5.934480e-05 9.999487e-01
5.964220e-05 9.999487e-01
5.994120e-05 9.999487e-01
6.024160e-05 9.999487e-01
6.054360e-05 9.999487e-01
6.084710e-05 9.999487e-01
6.115210e-05 9.999487e-01
6.145860e-05 9.999487e-01
6.176670e-05 9.999487e-01
6.207630e-05 9.999436e-01
6.238740e-05 9.999436e-01
6.270020e-05 9.999436e-01
6.301440e-05 9.999436e-01
6.333030e-05 9.999436e-01
6.364770e-05 9.999436e-01
6.396680e-05 9.999436e-01
6.428740e-05 9.999436e-01
6.460970e-05 9.999385e-01
6.493350e-05 9.999385e-01
6.525900e-05 9.999385e-01
6.558610e-05 9.999385e-01
6.591490e-05 9.999385e-01
6.624530e-05 9.999385e-01
6.657730e-05 9.999385e-01
6.691100e-05 9.999385e-01
6.724640e-05 9.999385e-01
6.758350e-05 9.999334e-01
6.792230e-05 9.999334e-01
6.826270e-05 9.999334e-01
6.860490e-05 9.999334e-01
6.894880e-05 9.999334e-01
6.929440e-05 9.999334e-01
6.964170e-05 9.999334e-01
6.999080e-05 9.999282e-01
7.034160e-05 9.999282e-01
7.069420e-05 9.999282e-01
7.104860e-05 9.999282e-01
7.140470e-05 9.999282e-01
7.176260e-05 9.999282e-01
7.212230e-05 9.999282e-01
7.248390e-05 9.999231e-01
7.284720e-05 9.999231e-01
7.321230e-05 9.999231e-01
7.357930e-05 9.999231e-01
7.394810e-05 9.999231e-01
7.431880e-05 9.999231e-01
7.469130e-05 9.999231e-01
7.506570e-05 9.999180e-01
7.544200e-05 9.999180e-01
7.582010e-05 9.999180e-01
7.620020e-05 9.999180e-01
7.658210e-05 9.999180e-01
7.696600e-05 9.999180e-01
7.735180e-05 9.999129e-01
7.773950e-05 9.999129e-01
7.812920e-05 9.999129e-01
7.852080e-05 9.999129e-01
7.891440e-05 9.999129e-01
7.931000e-05 9.999129e-01
7.970750e-05 9.999077e-01
8.010710e-05 9.999077e-01
8.050860e-05 9.999077e-01
8.091210e-05 9.999077e-01
8.131770e-05 9.999077e-01
8.172530e-05 9.999026e-01
8.213500e-05 9.999026e-01
8.254670e-05 9.999026e-01
8.296040e-05 9.999026e-01
8.337630e-05 9.999026e-01
8.379420e-05 9.998975e-01
8.421420e-05 9.998975e-01
8.463640e-05 9.998975e-01
8.506060e-05 9.998975e-01
8.548700e-05 9.998975e-01
8.591550e-05 9.998923e-01
8.634610e-05 9.998923e-01
8.677890e-05 9.998923e-01
8.721390e-05 9.998923e-01
8.765110e-05 9.998923e-01
8.809040e-05 9.998872e-01
8.853200e-05 9.998872e-01
8.897580e-05 9.998872e-01
8.942170e-05 9.998872e-01
8.987000e-05 9.998821e-01
9.032040e-05 9.998821e-01
9.077320e-05 9.998821e-01
9.122820e-05 9.998821e-01
9.168550e-05 9.998821e-01
9.214500e-05 9.998770e-01
9.260690e-05 9.998770e-01
9.307110e-05 9.998770e-01
9.353760e-05 9.998770e-01
9.400650e-05 9.998718e-01
9.447770e-05 9.998718e-01
9.495130e-05 9.998718e-01
9.542720e-05 9.998718e-01
9.590560e-05 9.998667e-01
9.638630e-05 9.998667e-01
9.686940e-05 9.998667e-01
9.735500e-05 9.998667e-01
9.784300e-05 9.998616e-01
9.833340e-05 9.998616e-01
9.882630e-05 9.998616e-01
9.932170e-05 9.998565e-01
9.981950e-05 9.998565e-01
1.003200e-04 9.998565e-01
1.008230e-04 9.998565e-01
1.013280e-04 9.998513e-01
1.018360e-04 9.998513e-01
1.023460e-04 9.998513e-01
1.028590e-04 9.998462e-01
1.033750e-04 9.998462e-01
1.038930e-04 9.998462e-01
1.044140e-04 9.998462e-01
1.049370e-04 9.998411e-01
1.054630e-04 9.998411e-01
1.059920e-04 9.998411e-01
1.065230e-04 9.998360e-01
1.070570e-04 9.998360e-01
1.075940e-04 9.998360e-01
1.081330e-04 9.998308e-01
1.086750e-04 9.998308e-01
1.092200e-04 9.998308e-01
1.097670e-04 9.998257e-01
1.103180e-04 9.998257e-01
1.108710e-04 9.998257e-01
1.114260e-04 9.998206e-01
1.119850e-04 9.998206e-01
1.125460e-04 9.998206e-01
1.131100e-04 9.998154e-01
1.136770e-04 9.998154e-01
1.142470e-04 9.998154e-01
1.148200e-04 9.998103e-01
1.153950e-04 9.998103e-01
1.159740e-04 9.998052e-01
1.165550e-04 9.998052e-01
1.171390e-04 9.998052e-01
1.177260e-04 9.998001e-01
1.183170e-04 9.998001e-01
1.189100e-04 9.997949e-01
1.195060e-04 9.997949e-01
1.201050e-04 9.997949e-01
1.207070e-04 9.997898e-01
1.213120e-04 9.997898e-01
1.219200e-04 9.997847e-01
1.225310e-04 9.997847e-01
1.231450e-04 9.997847e-01
1.237620e-04 9.997796e-01
1.243830e-04 9.997796e-01
1.250060e-04 9.997744e-01
1.256330e-04 9.997744e-01
1.262630e-04 9.997693e-01
1.268960e-04 9.997693e-01
1.275320e-04 9.997642e-01
1.281710e-04 9.997642e-01
1.288130e-04 9.997642e-01
1.294590e-04 9.997591e-01
1.301080e-04 9.997591e-01
1.307600e-04 9.997539e-01
1.314150e-04 9.997539e-01
1.320740e-04 9.997488e-01
1.327360e-04 9.997488e-01
1.334020e-04 9.997437e-01
1.340700e-04 9.997437e-01
1.347420e-04 9.997386e-01
1.354180e-04 9.997386e-01
1.360960e-04 9.997334e-01
1.367790e-04 9.997334e-01
1.374640e-04 9.997283e-01
1.381530e-04 9.997283e-01
1.388460e-04 9.997232e-01
1.395420e-04 9.997232e-01
1.402410e-04 9.997180e-01
1.409440e-04 9.997129e-01
1.416510e-04 9.997129e-01
1.423610e-04 9.997078e-01
1.430740e-04 9.997078e-01
1.437910e-04 9.997027e-01
1.445120e-04 9.997027e-01
1.452370e-04 9.996975e-01
1.459650e-04 9.996924e-01
1.466960e-04 9.996924e-01
1.474320e-04 9.996873e-01
1.481710e-04 9.996873e-01
1.489130e-04 9.996822e-01
1.496600e-04 9.996770e-01
1.504100e-04 9.996770e-01
1.511640e-04 9.996719e-01
1.519210e-04 9.996668e-01
1.526830e-04 9.996668e-01
1.534480e-04 9.996617e-01
1.542170e-04 9.996617e-01
1.549910e-04 9.996565e-01
1.557670e-04 9.996514e-01
1.565480e-04 9.996463e-01
1.573330e-04 9.996463e-01
1.581220e-04 9.996412e-01
1.589140e-04 9.996360e-01
1.597110e-04 9.996360e-01
1.605110e-04 9.996309e-01
1.613160e-04 9.996258e-01
1.621240e-04 9.996258e-01
1.629370e-04 9.996206e-01
1.637540e-04 9.996155e-01
1.645750e-04 9.996104e-01
1.654000e-04 9.996104e-01
1.662290e-04 9.996053e-01
1.670620e-04 9.996001e-01
1.678990e-04 9.995950e-01
1.687410e-04 9.995899e-01
1.695870e-04 9.995899e-01
1.704370e-04 9.995848e-01
1.712910e-04 9.995796e-01
1.721500e-04 9.995745e-01
1.730130e-04 9.995694e-01
1.738800e-04 9.995694e-01
1.747510e-04 9.995643e-01
1.756270e-04 9.995591e-01
1.765080e-04 9.995540e-01
1.773920e-04 9.995489e-01
1.782820e-04 9.995437e-01
1.791750e-04 9.995386e-01
1.800730e-04 9.995386e-01
1.809760e-04 9.995335e-01
1.818830e-04 9.995284e-01
1.827950e-04 9.995232e-01
1.837110e-04 9.995181e-01
1.846320e-04 9.995130e-01
1.855570e-04 9.995079e-01
1.864870e-04 9.995027e-01
1.874220e-04 9.994976e-01
1.883620e-04 9.994925e-01
1.893060e-04 9.994874e-01
1.902550e-04 9.994822e-01
1.912080e-04 9.994771e-01
1.921670e-04 9.994720e-01
1.931300e-04 9.994669e-01
1.940980e-04 9.994617e-01
1.950710e-04 9.994566e-01
1.960490e-04 9.994515e-01
1.970320e-04 9.994463e-01
1.980190e-04 9.994412e-01
1.990120e-04 9.994361e-01
2.000090e-04 9.994310e-01
2.010120e-04 9.994207e-01
2.020190e-04 9.994156e-01
2.030320e-04 9.994105e-01
2.040500e-04 9.994053e-01
2.050730e-04 9.994002e-01
2.061000e-04 9.993951e-01
2.071340e-04 9.993900e-01
2.081720e-04 9.993797e-01
2.092150e-04 9.993746e-01
2.102640e-04 9.993695e-01
2.113180e-04 9.993643e-01
2.123770e-04 9.993592e-01
2.134420e-04 9.993489e-01
2.145120e-04 9.993438e-01
2.155870e-04 9.993387e-01
2.166670e-04 9.993284e-01
2.177540e-04 9.993233e-01
2.188450e-04 9.993182e-01
2.199420e-04 9.993131e-01
2.210440e-04 9.993028e-01
2.221520e-04 9.992977e-01
2.232660e-04 9.992926e-01
2.243850e-04 9.992823e-01
2.255100e-04 9.992772e-01
2.266400e-04 9.992669e-01
2.277760e-04 9.992618e-01
2.289180e-04 9.992567e-01
2.300650e-04 9.992464e-01
2.312190e-04 9.992413e-01
2.323780e-04 9.992310e-01
2.335420e-04 9.992259e-01
2.347130e-04 9.992157e-01
2.358900e-04 9.992105e-01
2.370720e-04 9.992003e-01
2.382600e-04 9.991952e-01
2.394550e-04 9.991849e-01
2.406550e-04 9.991746e-01
2.418610e-04 9.991695e-01
2.430740e-04 9.991593e-01
2.442920e-04 9.991541e-01
2.455160e-04 9.991439e-01
2.467470e-04 9.991336e-01
2.479840e-04 9.991285e-01
2.492270e-04 9.991183e-01
2.504760e-04 9.991080e-01
2.517320e-04 9.991029e-01
2.529930e-04 9.990926e-01
2.542620e-04 9.990824e-01
2.555360e-04 9.990721e-01
2.568170e-04 9.990670e-01
2.581040e-04 9.990567e-01
2.593980e-04 9.990465e-01
2.606980e-04 9.990362e-01
2.620050e-04 9.990260e-01
2.633180e-04 9.990157e-01
2.646380e-04 9.990106e-01
2.659650e-04 9.990003e-01
2.672980e-04 9.989901e-01
2.686380e-04 9.989798e-01
2.699840e-04 9.989696e-01
2.713380e-04 9.989593e-01
2.726980e-04 9.989491e-01
2.740650e-04 9.989388e-01
2.754380e-04 9.989286e-01
2.768190e-04 9.989183e-01
2.782070e-04 9.989081e-01
2.796010e-04 9.988978e-01
2.810030e-04 9.988824e-01
2.824110e-04 9.988722e-01
2.838270e-04 9.988619e-01
2.852490e-04 9.988517e-01
2.866790e-04 9.988414e-01
2.881160e-04 9.988312e-01
2.895600e-04 9.988158e-01
2.910120e-04 9.988055e-01
2.924710e-04 9.987953e-01
2.939370e-04 9.987850e-01
2.954100e-04 9.987697e-01
2.968910e-04 9.987594e-01
2.983790e-04 9.987492e-01
2.998740e-04 9.987338e-01
3.013780e-04 9.987235e-01
3.028880e-04 9.987081e-01
3.044070e-04 9.986979e-01
3.059320e-04 9.986825e-01
3.074660e-04 9.986723e-01
3.090070e-04 9.986569e-01
3.105560e-04 9.986466e-01
3.121130e-04 9.986312e-01
3.136770e-04 9.986210e-01
3.152490e-04 9.986056e-01
3.168300e-04 9.985902e-01
3.184180e-04 9.985800e-01
3.200140e-04 9.985646e-01
3.216180e-04 9.985492e-01
3.232300e-04 9.985338e-01
3.248500e-04 9.985236e-01
3.264780e-04 9.985082e-01
3.281150e-04 9.984928e-01
3.297600e-04 9.984775e-01
3.314130e-04 9.984621e-01
3.330740e-04 9.984467e-01
3.347430e-04 9.984313e-01
3.364210e-04 9.984159e-01
3.381080e-04 9.984006e-01
3.398020e-04 9.983852e-01
3.415060e-04 9.983698e-01
3.432170e-04 9.983544e-01
3.449380e-04 9.983390e-01
3.466670e-04 9.983237e-01
3.484040e-04 9.983083e-01
3.501510e-04 9.982929e-01
3.519060e-04 9.982775e-01
3.536700e-04 9.982570e-01
3.554430e-04 9.982416e-01
3.572240e-04 9.982263e-01
3.590150e-04 9.982058e-01
3.608140e-04 9.981904e-01
3.626230e-04 9.981750e-01
3.644410e-04 9.981545e-01
3.662680e-04 9.981391e-01
3.681030e-04 9.981186e-01
3.699490e-04 9.981032e-01
3.718030e-04 9.980827e-01
3.736670e-04 9.980622e-01
3.755400e-04 9.980468e-01
3.774220e-04 9.980263e-01
3.793140e-04 9.980058e-01
3.812150e-04 9.979904e-01
3.831260e-04 9.979699e-01
3.850460e-04 9.979494e-01
3.869760e-04 9.979289e-01
3.889160e-04 9.979084e-01
3.908660e-04 9.978879e-01
3.928250e-04 9.978725e-01
3.947940e-04 9.978520e-01
3.967730e-04 9.978315e-01
3.987620e-04 9.978059e-01
4.007600e-04 9.977854e-01
4.027690e-04 9.977649e-01
4.047880e-04 9.977444e-01
4.068170e-04 9.977239e-01
4.088560e-04 9.977034e-01
4.109060e-04 9.976777e-01
4.129650e-04 9.976572e-01
4.150350e-04 9.976367e-01
4.171160e-04 9.976111e-01
4.192070e-04 9.975906e-01
4.213080e-04 9.975650e-01
4.234200e-04 9.975444e-01
4.255420e-04 9.975188e-01
4.276750e-04 9.974983e-01
4.298190e-04 9.974727e-01
4.319730e-04 9.974470e-01
4.341390e-04 9.974265e-01
4.363150e-04 9.974009e-01
4.385020e-04 9.973753e-01
4.407000e-04 9.973496e-01
4.429090e-04 9.973240e-01
4.451290e-04 9.972984e-01
4.473600e-04 9.972727e-01
4.496020e-04 9.972471e-01
4.518560e-04 9.972215e-01
4.541210e-04 9.971958e-01
4.563970e-04 9.971702e-01
4.586850e-04 9.971446e-01
4.609840e-04 9.971138e-01
4.632950e-04 9.970882e-01
4.656170e-04 9.970626e-01
4.679510e-04 9.970318e-01
4.702970e-04 9.970062e-01
4.726540e-04 9.969754e-01
4.750230e-04 9.969498e-01
4.774040e-04 9.969190e-01
4.797970e-04 9.968934e-01
4.822020e-04 9.968626e-01
4.846190e-04 9.968319e-01
4.870490e-04 9.968011e-01
4.894900e-04 9.967755e-01
4.919440e-04 9.967447e-01
4.944090e-04 9.967140e-01
4.968880e-04 9.966832e-01
4.993780e-04 9.966524e-01
5.018810e-04 9.966217e-01
5.043970e-04 9.965858e-01
5.069250e-04 9.965550e-01
5.094660e-04 9.965243e-01
5.120200e-04 9.964935e-01
5.145870e-04 9.964576e-01
5.171660e-04 9.964269e-01
5.197580e-04 9.963910e-01
5.223640e-04 9.963602e-01
5.249820e-04 9.963244e-01
5.276130e-04 9.962936e-01
5.302580e-04 9.962577e-01
5.329160e-04 9.962218e-01
5.355870e-04 9.961859e-01
5.382720e-04 9.961501e-01
5.409700e-04 9.961142e-01
5.436820e-04 9.960783e-01
5.464070e-04 9.960424e-01
5.491460e-04 9.960065e-01
5.518980e-04 9.959706e-01
5.546650e-04 9.959348e-01
5.574450e-04 9.958989e-01
5.602390e-04 9.958579e-01
5.630470e-04 9.958220e-01
5.658700e-04 9.957810e-01
5.687060e-04 9.957451e-01
5.715570e-04 9.957041e-01
5.744220e-04 9.956631e-01
5.773010e-04 9.956272e-01
5.801950e-04 9.955862e-01
5.831030e-04 9.955451e-01
5.860260e-04 9.955041e-01
5.889630e-04 9.954631e-01
5.919150e-04 9.954221e-01
5.948820e-04 9.953811e-01
5.978640e-04 9.953350e-01
6.008610e-04 9.952939e-01
6.038730e-04 9.952529e-01
6.069000e-04 9.952068e-01
6.099420e-04 9.951658e-01
6.129990e-04 9.951197e-01
6.160720e-04 9.950786e-01
6.191600e-04 9.950325e-01
6.222640e-04 9.949864e-01
6.253830e-04 9.949402e-01
6.285180e-04 9.948941e-01
6.316680e-04 9.948480e-01
6.348340e-04 9.948018e-01
6.380160e-04 9.947557e-01
6.412140e-04 9.947095e-01
6.444280e-04 9.946634e-01
6.476590e-04 9.946121e-01
6.509050e-04 9.945660e-01
6.541680e-04 9.945147e-01
6.574470e-04 9.944686e-01
6.607420e-04 9.944173e-01
6.640540e-04 9.943661e-01
6.673830e-04 9.943148e-01
6.707280e-04 9.942635e-01
6.740900e-04 9.942123e-01
6.774690e-04 9.941610e-01
6.808650e-04 9.941097e-01
6.842780e-04 9.940585e-01
6.877080e-04 9.940072e-01
6.911550e-04 9.939508e-01
6.946190e-04 9.938996e-01
6.981010e-04 9.938432e-01
7.016000e-04 9.937919e-01
7.051170e-04 9.937355e-01
7.086520e-04 9.936791e-01
7.122040e-04 9.936227e-01
7.157740e-04 9.935663e-01
7.193610e-04 9.935100e-01
7.229670e-04 9.934536e-01
7.265910e-04 9.933920e-01
7.302330e-04 9.933357e-01
7.338930e-04 9.932793e-01
7.375720e-04 9.932177e-01
7.412690e-04 9.931614e-01
7.449850e-04 9.930998e-01
7.487190e-04 9.930383e-01
7.524720e-04 9.929768e-01
7.562440e-04 9.929153e-01
7.600340e-04 9.928538e-01
7.638440e-04 9.927923e-01
7.676730e-04 9.927307e-01
7.715210e-04 9.926641e-01
7.753880e-04 9.926026e-01
7.792750e-04 9.925359e-01
7.831810e-04 9.924693e-01
7.871070e-04 9.924078e-01
7.910520e-04 9.923411e-01
7.950170e-04 9.922745e-01
7.990020e-04 9.922078e-01
8.030070e-04 9.921412e-01
8.070330e-04 9.920694e-01
8.110780e-04 9.920028e-01
8.151430e-04 9.919310e-01
8.192290e-04 9.918644e-01
8.233360e-04 9.917926e-01
8.274620e-04 9.917208e-01
8.316100e-04 9.916542e-01
8.357790e-04 9.915824e-01
8.399680e-04 9.915055e-01
8.441780e-04 9.914338e-01
8.484100e-04 9.913620e-01
8.526630e-04 9.912902e-01
8.569370e-04 9.912133e-01
8.612320e-04 9.911364e-01
8.655490e-04 9.910647e-01
8.698880e-04 9.909878e-01
8.742480e-04 9.909109e-01
8.786300e-04 9.908340e-01
8.830340e-04 9.907519e-01
8.874600e-04 9.906750e-01
8.919090e-04 9.905982e-01
8.963800e-04 9.905161e-01
9.008730e-04 9.904392e-01
9.053880e-04 9.903572e-01
9.099270e-04 9.902752e-01
9.144880e-04 9.901932e-01
9.190710e-04 9.901111e-01
9.236780e-04 9.900240e-01
9.283080e-04 9.899420e-01
9.329620e-04 9.898599e-01
9.376380e-04 9.897728e-01
9.423380e-04 9.896856e-01
9.470610e-04 9.895985e-01
9.518090e-04 9.895113e-01
9.565790e-04 9.894242e-01
9.613740e-04 9.893371e-01
9.661930e-04 9.892499e-01
9.710360e-04 9.891576e-01
9.759030e-04 9.890705e-01
9.807950e-04 9.889782e-01
9.857120e-04 9.888859e-01
9.906530e-04 9.887937e-01
9.956180e-04 9.887014e-01
1.000610e-03 9.886040e-01
1.005620e-03 9.885117e-01
1.010670e-03 9.884194e-01
1.015730e-03 9.883220e-01
1.020820e-03 9.882246e-01
1.025940e-03 9.881272e-01
1.031080e-03 9.880298e-01
1.036250e-03 9.879324e-01
1.041440e-03 9.878299e-01
1.046660e-03 9.877325e-01
1.051910e-03 9.876300e-01
1.057180e-03 9.875274e-01
1.062480e-03 9.874300e-01
1.067810e-03 9.873224e-01
1.073160e-03 9.872198e-01
1.078540e-03 9.871173e-01
1.083950e-03 9.870097e-01
1.089380e-03 9.869071e-01
1.094840e-03 9.867995e-01
1.100330e-03 9.866918e-01
1.105840e-03 9.865842e-01
1.111390e-03 9.864765e-01
1.116960e-03 9.863637e-01
1.122560e-03 9.862561e-01
1.128180e-03 9.861433e-01
1.133840e-03 9.860305e-01
1.139520e-03 9.859177e-01
1.145230e-03 9.858050e-01
1.150970e-03 9.856922e-01
1.156740e-03 9.855743e-01
1.162540e-03 9.854564e-01
1.168370e-03 9.853436e-01
1.174230e-03 9.852257e-01
1.180110e-03 9.851078e-01
1.186030e-03 9.849847e-01
1.191970e-03 9.848668e-01
1.197950e-03 9.847438e-01
1.203950e-03 9.846207e-01
1.209990e-03 9.844977e-01
1.216050e-03 9.843747e-01
1.222150e-03 9.842516e-01
1.228270e-03 9.841286e-01
1.234430e-03 9.840005e-01
1.240620e-03 9.838723e-01
1.246840e-03 9.837441e-01
1.253080e-03 9.836160e-01
1.259370e-03 9.834878e-01
1.265680e-03 9.833545e-01
1.272020e-03 9.832264e-01
1.278400e-03 9.830931e-01
1.284810e-03 9.829598e-01
1.291250e-03 9.828214e-01
1.297720e-03 9.826881e-01
1.304220e-03 9.825497e-01
1.310760e-03 9.824164e-01
1.317330e-03 9.822780e-01
1.323940e-03 9.821396e-01
1.330570e-03 9.819960e-01
1.337240e-03 9.818576e-01
1.343940e-03 9.817141e-01
1.350680e-03 9.815705e-01
1.357450e-03 9.814270e-01
1.364250e-03 9.812834e-01
1.371090e-03 9.811348e-01
1.377970e-03 9.809912e-01
1.384870e-03 9.808426e-01
1.391810e-03 9.806939e-01
1.398790e-03 9.805452e-01
1.405800e-03 9.803915e-01
1.412850e-03 9.802428e-01
1.419930e-03 9.800890e-01
1.427050e-03 9.799352e-01
1.434200e-03 9.797814e-01
1.441390e-03 9.796225e-01
1.448620e-03 9.794636e-01
1.455880e-03 9.793098e-01
1.463170e-03 9.791457e-01
1.470510e-03 9.789868e-01
1.477880e-03 9.788279e-01
1.485290e-03 9.786639e-01
1.492730e-03 9.784998e-01
1.500220e-03 9.783358e-01
1.507740e-03 9.781717e-01
1.515290e-03 9.780025e-01
1.522890e-03 9.778334e-01
1.530520e-03 9.776642e-01
1.538190e-03 9.774950e-01
1.545900e-03 9.773259e-01
1.553650e-03 9.771516e-01
1.561440e-03 9.769773e-01
1.569270e-03 9.768030e-01
1.577130e-03 9.766287e-01
1.585040e-03 9.764492e-01
1.592980e-03 9.762698e-01
1.600970e-03 9.760904e-01
1.608990e-03 9.759110e-01
1.617060e-03 9.757315e-01
1.625160e-03 9.755470e-01
1.633310e-03 9.753624e-01
1.641500e-03 9.751779e-01
1.649720e-03 9.749882e-01
1.657990e-03 9.748037e-01
1.666310e-03 9.746140e-01
1.674660e-03 9.744243e-01
1.683050e-03 9.742295e-01
1.691490e-03 9.740398e-01
1.699970e-03 9.738450e-01
1.708490e-03 9.736502e-01
1.717050e-03 9.734503e-01
1.725660e-03 9.732555e-01
1.734310e-03 9.730555e-01
1.743000e-03 9.728556e-01
1.751740e-03 9.726506e-01
1.760520e-03 9.724506e-01
1.769340e-03 9.722456e-01
1.778210e-03 9.720405e-01
1.787130e-03 9.718303e-01
1.796080e-03 9.716253e-01
1.805090e-03 9.714151e-01
1.814140e-03 9.712049e-01
1.823230e-03 9.709896e-01
1.832370e-03 9.707794e-01
1.841550e-03 9.705641e-01
1.850780e-03 9.703437e-01
1.860060e-03 9.701284e-01
1.869380e-03 9.699079e-01
1.878750e-03 9.696875e-01
1.888170e-03 9.694671e-01
1.897640e-03 9.692415e-01
1.907150e-03 9.690159e-01
1.916710e-03 9.687904e-01
1.926310e-03 9.685648e-01
1.935970e-03 9.683341e-01
1.945670e-03 9.681034e-01
1.955430e-03 9.678727e-01
1.965230e-03 9.676369e-01
1.975080e-03 9.674011e-01
1.984980e-03 9.671653e-01
1.994930e-03 9.669295e-01
2.004930e-03 9.666885e-01
2.014980e-03 9.664476e-01
2.025080e-03 9.662067e-01
2.035230e-03 9.659606e-01
2.045430e-03 9.657145e-01
2.055680e-03 9.654685e-01
2.065990e-03 9.652224e-01
2.076340e-03 9.649712e-01
2.086750e-03 9.647200e-01
2.097210e-03 9.644637e-01
2.107720e-03 9.642125e-01
2.118290e-03 9.639562e-01
2.128910e-03 9.636998e-01
2.139580e-03 9.634384e-01
2.150300e-03 9.631769e-01
2.161080e-03 9.629155e-01
2.171910e-03 9.626489e-01
2.182800e-03 9.623823e-01
2.193740e-03 9.621158e-01
2.204740e-03 9.618492e-01
2.215790e-03 9.615775e-01
2.226900e-03 9.613058e-01
2.238060e-03 9.610290e-01
2.249280e-03 9.607521e-01
2.260550e-03 9.604753e-01
2.271880e-03 9.601985e-01
2.283270e-03 9.599165e-01
2.294710e-03 9.596346e-01
2.306220e-03 9.593526e-01
2.317780e-03 9.590656e-01
2.329400e-03 9.587785e-01
2.341070e-03 9.584863e-01
2.352810e-03 9.581941e-01
2.364600e-03 9.579019e-01
2.376450e-03 9.576097e-01
2.388360e-03 9.573123e-01
2.400340e-03 9.570150e-01
2.412370e-03 9.567125e-01
2.424460e-03 9.564101e-01
2.436610e-03 9.561076e-01
2.448830e-03 9.558052e-01
2.461100e-03 9.554976e-01
2.473440e-03 9.551900e-01
2.485840e-03 9.548773e-01
2.498290e-03 9.545646e-01
2.510820e-03 9.542519e-01
2.523400e-03 9.539340e-01
2.536050e-03 9.536162e-01
2.548760e-03 9.532932e-01
2.561540e-03 9.529754e-01
2.574380e-03 9.526473e-01
2.587280e-03 9.523243e-01
2.600250e-03 9.519962e-01
2.613290e-03 9.516681e-01
2.626390e-03 9.513349e-01
2.639550e-03 9.510017e-01
2.652780e-03 9.506685e-01
2.666080e-03 9.503301e-01
2.679440e-03 9.499918e-01
2.692870e-03 9.496483e-01
2.706370e-03 9.493049e-01
2.719940e-03 9.489614e-01
2.733570e-03 9.486128e-01
2.747270e-03 9.482642e-01
2.761040e-03 9.479156e-01
2.774880e-03 9.475619e-01
2.788790e-03 9.472030e-01
2.802770e-03 9.468493e-01
2.816820e-03 9.464905e-01
2.830940e-03 9.461265e-01
2.845130e-03 9.457625e-01
2.859390e-03 9.453985e-01
2.873720e-03 9.450294e-01
2.888130e-03 9.446603e-01
2.902600e-03 9.442912e-01
2.917150e-03 9.439170e-01
2.931780e-03 9.435428e-01
2.946470e-03 9.431634e-01
2.961240e-03 9.427841e-01
2.976090e-03 9.423996e-01
2.991000e-03 9.420151e-01
3.005990e-03 9.416306e-01
3.021060e-03 9.412410e-01
3.036210e-03 9.408514e-01
3.051430e-03 9.404567e-01
3.066720e-03 9.400619e-01
3.082090e-03 9.396621e-01
3.097540e-03 9.392622e-01
3.113070e-03 9.388623e-01
3.128670e-03 9.384574e-01
3.144350e-03 9.380524e-01
3.160120e-03 9.376423e-01
3.175960e-03 9.372321e-01
3.191880e-03 9.368220e-01
3.207870e-03 9.364068e-01
3.223950e-03 9.359864e-01
3.240110e-03 9.355661e-01
3.256360e-03 9.351457e-01
3.272680e-03 9.347202e-01
3.289080e-03 9.342947e-01
3.305570e-03 9.338641e-01
3.322140e-03 9.334335e-01
3.338790e-03 9.329977e-01
3.355530e-03 9.325620e-01
3.372350e-03 9.321262e-01
3.389250e-03 9.316854e-01
3.406240e-03 9.312394e-01
3.423310e-03 9.307934e-01
3.440470e-03 9.303474e-01
3.457720e-03 9.298962e-01
3.475050e-03 9.294451e-01
3.492470e-03 9.289889e-01
3.509970e-03 9.285275e-01
3.527570e-03 9.280712e-01
3.545250e-03 9.276047e-01
3.563020e-03 9.271434e-01
3.580880e-03 9.266717e-01
3.598830e-03 9.262052e-01
3.616870e-03 9.257336e-01
3.635000e-03 9.252568e-01
3.653220e-03 9.247801e-01
3.671530e-03 9.242982e-01
3.689930e-03 9.238163e-01
3.708430e-03 9.233293e-01
3.727020e-03 9.228423e-01
3.745700e-03 9.223553e-01
3.764480e-03 9.218580e-01
3.783340e-03 9.213659e-01
3.802310e-03 9.208686e-01
3.821370e-03 9.203662e-01
3.840520e-03 9.198638e-01
3.859770e-03 9.193563e-01
3.879120e-03 9.188488e-01
3.898570e-03 9.183362e-01
3.918110e-03 9.178235e-01
3.937750e-03 9.173058e-01
3.957480e-03 9.167880e-01
3.977320e-03 9.162651e-01
3.997260e-03 9.157422e-01
4.017300e-03 9.152142e-01
4.037430e-03 9.146862e-01
4.057670e-03 9.141530e-01
4.078010e-03 9.136199e-01
4.098450e-03 9.130816e-01
4.118990e-03 9.125382e-01
4.139640e-03 9.119948e-01
4.160390e-03 9.114514e-01
4.181240e-03 9.109029e-01
4.202200e-03 9.103492e-01
4.223270e-03 9.097956e-01
4.244440e-03 9.092368e-01
4.265710e-03 9.086780e-01
4.287090e-03 9.081141e-01
4.308580e-03 9.075502e-01
4.330180e-03 9.069812e-01
4.351880e-03 9.064121e-01
4.373700e-03 9.058380e-01
4.395620e-03 9.052587e-01
4.417650e-03 9.046794e-01
4.439800e-03 9.041001e-01
4.462050e-03 9.035106e-01
4.484420e-03 9.029262e-01
4.506900e-03 9.023315e-01
4.529490e-03 9.017368e-01
4.552190e-03 9.011422e-01
4.575010e-03 9.005424e-01
4.597940e-03 8.999375e-01
4.620990e-03 8.993325e-01
4.644150e-03 8.987225e-01
4.667430e-03 8.981125e-01
4.690830e-03 8.974973e-01
4.714340e-03 8.968770e-01
4.737970e-03 8.962567e-01
4.761720e-03 8.956364e-01
4.785590e-03 8.950058e-01
4.809570e-03 8.943804e-01
4.833680e-03 8.937447e-01
4.857910e-03 8.931091e-01
4.882260e-03 8.924683e-01
4.906730e-03 8.918275e-01
4.931330e-03 8.911815e-01
4.956050e-03 8.905356e-01
4.980890e-03 8.898846e-01
5.005860e-03 8.892284e-01
5.030950e-03 8.885722e-01
5.056170e-03 8.879109e-01
5.081510e-03 8.872496e-01
5.106980e-03 8.865831e-01
5.132580e-03 8.859116e-01
5.158310e-03 8.852400e-01
5.184160e-03 8.845633e-01
5.210150e-03 8.838815e-01
5.236270e-03 8.831997e-01
5.262510e-03 8.825128e-01
5.288890e-03 8.818258e-01
5.315400e-03 8.811338e-01
5.342050e-03 8.804366e-01
5.368820e-03 8.797394e-01
5.395730e-03 8.790371e-01
5.422780e-03 8.783347e-01
5.449960e-03 8.776222e-01
5.477280e-03 8.769147e-01
5.504730e-03 8.761970e-01
5.532330e-03 8.754793e-01
5.560060e-03 8.747565e-01
5.587930e-03 8.740337e-01
5.615940e-03 8.733057e-01
5.644090e-03 8.725726e-01
5.672380e-03 8.718396e-01
5.700810e-03 8.711014e-01
5.729390e-03 8.703580e-01
5.758110e-03 8.696147e-01
5.786970e-03 8.688662e-01
5.815980e-03 8.681178e-01
5.845130e-03 8.673591e-01
5.874430e-03 8.666004e-01
5.903870e-03 8.658417e-01
5.933470e-03 8.650778e-01
5.963210e-03 8.643089e-01
5.993100e-03 8.635348e-01
6.023140e-03 8.627607e-01
6.053330e-03 8.619815e-01
6.083670e-03 8.611971e-01
6.114170e-03 8.604128e-01
6.144810e-03 8.596233e-01
6.175620e-03 8.588287e-01
6.206570e-03 8.580341e-01
6.237680e-03 8.572344e-01
6.268950e-03 8.564296e-01
6.300370e-03 8.556247e-01
6.331950e-03 8.548147e-01
6.363690e-03 8.539996e-01
6.395590e-03 8.531845e-01
6.427650e-03 8.523643e-01
6.459870e-03 8.515390e-01
6.492250e-03 8.507085e-01
6.524790e-03 8.498780e-01
6.557500e-03 8.490424e-01
6.590370e-03 8.482017e-01
6.623400e-03 8.473609e-01
6.656600e-03 8.465151e-01
6.689960e-03 8.456641e-01
6.723500e-03 8.448131e-01
6.757200e-03 8.439570e-01
6.791070e-03 8.430957e-01
6.825110e-03 8.422294e-01
6.859320e-03 8.413630e-01
6.893710e-03 8.404915e-01
6.928260e-03 8.396149e-01
6.962990e-03 8.387332e-01
6.997890e-03 8.378514e-01
7.032970e-03 8.369645e-01
7.068220e-03 8.360777e-01
7.103650e-03 8.351806e-01
7.139260e-03 8.342834e-01
7.175040e-03 8.333812e-01
7.211010e-03 8.324789e-01
7.247150e-03 8.315664e-01
7.283480e-03 8.306539e-01
7.319990e-03 8.297363e-01
7.356680e-03 8.288187e-01
7.393550e-03 8.278908e-01
7.430620e-03 8.269629e-01
7.467860e-03 8.260299e-01
7.505300e-03 8.250969e-01
7.542910e-03 8.241588e-01
7.580720e-03 8.232104e-01
7.618720e-03 8.222671e-01
7.656910e-03 8.213136e-01
7.695290e-03 8.203601e-01
7.733860e-03 8.194014e-01
7.772630e-03 8.184377e-01
7.811590e-03 8.174688e-01
7.850750e-03 8.164999e-01
7.890100e-03 8.155207e-01
7.929650e-03 8.145416e-01
7.969400e-03 8.135625e-01
8.009340e-03 8.125731e-01
8.049490e-03 8.115837e-01
8.089840e-03 8.105891e-01
8.130390e-03 8.095895e-01
8.171140e-03 8.085898e-01
8.212100e-03 8.075799e-01
8.253260e-03 8.065700e-01
8.294630e-03 8.055550e-01
8.336210e-03 8.045348e-01
8.377990e-03 8.035147e-01
8.419990e-03 8.024843e-01
8.462200e-03 8.014539e-01
8.504610e-03 8.004183e-01
8.547240e-03 7.993828e-01
8.590090e-03 7.983370e-01
8.633140e-03 7.972912e-01
8.676420e-03 7.962403e-01
8.719910e-03 7.951842e-01
8.763620e-03 7.941231e-01
8.807540e-03 7.930568e-01
8.851690e-03 7.919905e-01
8.896060e-03 7.909191e-01
8.940650e-03 7.898425e-01
8.985470e-03 7.887608e-01
9.030510e-03 7.876740e-01
9.075770e-03 7.865872e-01
9.121270e-03 7.854953e-01
9.166990e-03 7.843983e-01
9.212940e-03 7.832961e-01
9.259110e-03 7.821888e-01
9.305530e-03 7.810815e-01
9.352170e-03 7.799639e-01
9.399050e-03 7.788464e-01
9.446160e-03 7.777237e-01
9.493510e-03 7.765959e-01
9.541100e-03 7.754629e-01
9.588920e-03 7.743300e-01
9.636990e-03 7.731868e-01
9.685290e-03 7.720436e-01
9.733840e-03 7.708953e-01
9.782630e-03 7.697418e-01
9.831670e-03 7.685833e-01
9.880950e-03 7.674247e-01
9.930480e-03 7.662559e-01
9.980260e-03 7.650870e-01
1.003030e-02 7.639131e-01
1.008060e-02 7.627340e-01
1.013110e-02 7.615498e-01
1.018190e-02 7.603605e-01
1.023290e-02 7.591712e-01
1.028420e-02 7.579716e-01
1.033570e-02 7.567720e-01
1.038760e-02 7.555673e-01
1.043960e-02 7.543575e-01
1.049200e-02 7.531425e-01
1.054450e-02 7.519224e-01
1.059740e-02 7.506972e-01
1.065050e-02 7.494720e-01
1.070390e-02 7.482416e-01
1.075760e-02 7.470010e-01
1.081150e-02 7.457605e-01
1.086570e-02 7.445147e-01
1.092010e-02 7.432639e-01
1.097490e-02 7.420079e-01
1.102990e-02 7.407519e-01
1.108520e-02 7.394857e-01
1.114070e-02 7.382195e-01
1.119660e-02 7.369430e-01
1.125270e-02 7.356665e-01
1.130910e-02 7.343849e-01
1.136580e-02 7.330982e-01
1.142280e-02 7.318063e-01
1.148000e-02 7.305094e-01
1.153760e-02 7.292124e-01
1.159540e-02 7.279051e-01
1.165350e-02 7.265979e-01
1.171190e-02 7.252804e-01
1.177060e-02 7.239629e-01
1.182960e-02 7.226403e-01
1.188890e-02 7.213126e-01
1.194850e-02 7.199797e-01
1.200840e-02 7.186417e-01
1.206860e-02 7.172986e-01
1.212910e-02 7.159503e-01
1.218990e-02 7.146021e-01
1.225100e-02 7.132436e-01
1.231240e-02 7.118851e-01
1.237410e-02 7.105215e-01
1.243620e-02 7.091476e-01
1.249850e-02 7.077737e-01
1.256110e-02 7.063947e-01
1.262410e-02 7.050106e-01
1.268740e-02 7.036213e-01
1.275100e-02 7.022269e-01
1.281490e-02 7.008325e-01
1.287910e-02 6.994279e-01
1.294370e-02 6.980181e-01
1.300860e-02 6.966084e-01
1.307380e-02 6.951883e-01
1.313930e-02 6.937683e-01
1.320520e-02 6.923432e-01
1.327140e-02 6.909078e-01
1.333790e-02 6.894724e-01
1.340470e-02 6.880319e-01
1.347190e-02 6.865862e-01
1.353950e-02 6.851354e-01
1.360730e-02 6.836795e-01
1.367550e-02 6.822236e-01
1.374410e-02 6.807575e-01
1.381300e-02 6.792862e-01
1.388220e-02 6.778149e-01
1.395180e-02 6.763334e-01
1.402170e-02 6.748518e-01
1.409200e-02 6.733652e-01
1.416270e-02 6.718683e-01
1.423360e-02 6.703714e-01
1.430500e-02 6.688693e-01
1.437670e-02 6.673622e-01
1.444880e-02 6.658499e-01
1.452120e-02 6.643324e-01
1.459400e-02 6.628099e-01
1.466710e-02 6.612822e-01
1.474060e-02 6.597545e-01
1.481450e-02 6.582166e-01
1.488880e-02 6.566736e-01
1.496340e-02 6.551305e-01
1.503840e-02 6.535823e-01
1.511380e-02 6.520239e-01
1.518960e-02 6.504655e-01
1.526570e-02 6.489019e-01
1.534220e-02 6.473332e-01
1.541910e-02 6.457594e-01
1.549640e-02 6.441805e-01
1.557410e-02 6.425964e-01
1.565220e-02 6.410072e-01
1.573060e-02 6.394129e-01
1.580950e-02 6.378186e-01
1.588870e-02 6.362140e-01
1.596830e-02 6.346095e-01
1.604840e-02 6.329946e-01
1.612880e-02 6.313798e-01
1.620970e-02 6.297599e-01
1.629090e-02 6.281348e-01
1.637260e-02 6.265046e-01
1.645470e-02 6.248693e-01
1.653710e-02 6.232288e-01
1.662000e-02 6.215832e-01
1.670330e-02 6.199377e-01
1.678710e-02 6.182818e-01
1.687120e-02 6.166260e-01
1.695580e-02 6.149599e-01
1.704080e-02 6.132938e-01
1.712620e-02 6.116226e-01
1.721200e-02 6.099463e-01
1.729830e-02 6.082699e-01
1.738500e-02 6.065833e-01
1.747220e-02 6.048916e-01
1.755970e-02 6.031999e-01
1.764780e-02 6.015031e-01
1.773620e-02 5.997960e-01
1.782510e-02 5.980889e-01
1.791450e-02 5.963766e-01
1.800430e-02 5.946644e-01
1.809450e-02 5.929419e-01
1.818520e-02 5.912195e-01
1.827640e-02 5.894919e-01
1.836800e-02 5.877540e-01
1.846000e-02 5.860213e-01
1.855260e-02 5.842783e-01
1.864560e-02 5.825302e-01
1.873900e-02 5.807821e-01
1.883300e-02 5.790289e-01
1.892740e-02 5.772705e-01
1.902220e-02 5.755070e-01
1.911760e-02 5.737384e-01
1.921340e-02 5.719698e-01
1.930970e-02 5.701960e-01
1.940650e-02 5.684172e-01
1.950380e-02 5.666332e-01
1.960150e-02 5.648492e-01
1.969980e-02 5.630601e-01
1.979850e-02 5.612658e-01
1.989780e-02 5.594664e-01
1.999750e-02 5.576671e-01
2.009780e-02 5.558626e-01
2.019850e-02 5.540529e-01
2.029980e-02 5.522382e-01
2.040150e-02 5.504234e-01
2.050380e-02 5.486036e-01
2.060650e-02 5.467786e-01
2.070980e-02 5.449536e-01
2.081360e-02 5.431234e-01
2.091800e-02 5.412882e-01
2.102280e-02 5.394529e-01
2.112820e-02 5.376125e-01
2.123410e-02 5.357670e-01
2.134050e-02 5.339215e-01
2.144750e-02 5.320709e-01
2.155500e-02 5.302202e-01
2.166310e-02 5.283593e-01
2.177160e-02 5.265036e-01
2.188080e-02 5.246427e-01
2.199050e-02 5.227767e-01
2.210070e-02 5.209055e-01
2.221150e-02 5.190395e-01
2.232280e-02 5.171632e-01
2.243470e-02 5.152870e-01
2.254720e-02 5.134107e-01
2.266020e-02 5.115278e-01
2.277370e-02 5.096438e-01
2.288790e-02 5.077578e-01
2.300260e-02 5.058692e-01
2.311790e-02 5.039781e-01
2.323380e-02 5.020854e-01
2.335030e-02 5.001902e-01
2.346730e-02 4.982929e-01
2.358500e-02 4.963936e-01
2.370320e-02 4.944927e-01
2.382200e-02 4.925898e-01
2.394140e-02 4.906848e-01
2.406140e-02 4.887783e-01
2.418200e-02 4.868697e-01
2.430320e-02 4.849601e-01
2.442500e-02 4.830490e-01
2.454750e-02 4.811363e-01
2.467050e-02 4.792221e-01
2.479420e-02 4.773069e-01
2.491850e-02 4.753906e-01
2.504340e-02 4.734734e-01
2.516890e-02 4.715550e-01
2.529500e-02 4.696357e-01
2.542180e-02 4.677154e-01
2.554930e-02 4.657945e-01
2.567730e-02 4.638736e-01
2.580600e-02 4.619517e-01
2.593540e-02 4.600293e-01
2.606540e-02 4.581064e-01
2.619610e-02 4.561835e-01
2.632740e-02 4.542606e-01
2.645930e-02 4.523376e-01
2.659200e-02 4.504147e-01
2.672520e-02 4.484918e-01
2.685920e-02 4.465694e-01
2.699380e-02 4.446475e-01
2.712910e-02 4.427256e-01
2.726510e-02 4.408047e-01
2.740180e-02 4.388849e-01
2.753910e-02 4.369651e-01
2.767720e-02 4.350468e-01
2.781590e-02 4.331295e-01
2.795530e-02 4.312132e-01
2.809550e-02 4.292980e-01
2.823630e-02 4.273843e-01
2.837780e-02 4.254727e-01
2.852010e-02 4.235620e-01
2.866300e-02 4.216535e-01
2.880670e-02 4.197470e-01
2.895110e-02 4.178420e-01
2.909620e-02 4.159396e-01
2.924210e-02 4.140392e-01
2.938870e-02 4.121409e-01
2.953600e-02 4.102457e-01
2.968400e-02 4.083530e-01
2.983280e-02 4.064624e-01
2.998240e-02 4.045753e-01
3.013260e-02 4.026914e-01
3.028370e-02 4.008105e-01
3.043550e-02 3.989327e-01
3.058800e-02 3.970585e-01
3.074140e-02 3.951878e-01
3.089540e-02 3.933208e-01
3.105030e-02 3.914579e-01
3.120600e-02 3.895985e-01
3.136240e-02 3.877438e-01
3.151960e-02 3.858931e-01
3.167760e-02 3.840466e-01
3.183630e-02 3.822047e-01
3.199590e-02 3.803674e-01
3.215630e-02 3.785347e-01
3.231750e-02 3.767071e-01
3.247950e-02 3.748785e-01
3.264230e-02 3.730381e-01
3.280590e-02 3.712034e-01
3.297030e-02 3.693732e-01
3.313560e-02 3.675488e-01
3.330170e-02 3.657299e-01
3.346860e-02 3.639167e-01
3.363640e-02 3.621096e-01
3.380500e-02 3.603087e-01
3.397450e-02 3.585134e-01
3.414470e-02 3.567253e-01
3.431590e-02 3.549434e-01
3.448790e-02 3.531681e-01
3.466080e-02 3.513995e-01
3.483450e-02 3.496376e-01
3.500910e-02 3.478833e-01
3.518460e-02 3.461362e-01
3.536100e-02 3.443963e-01
3.553820e-02 3.426646e-01
3.571630e-02 3.409401e-01
3.589540e-02 3.392238e-01
3.607530e-02 3.375151e-01
3.625610e-02 3.358147e-01
3.643790e-02 3.341225e-01
3.662050e-02 3.324384e-01
3.680410e-02 3.307636e-01
3.698850e-02 3.290970e-01
3.717400e-02 3.274397e-01
3.736030e-02 3.257905e-01
3.754760e-02 3.241511e-01
3.773580e-02 3.225204e-01
3.792490e-02 3.208994e-01
3.811500e-02 3.192876e-01
3.830610e-02 3.176851e-01
3.849810e-02 3.160923e-01
3.869100e-02 3.145098e-01
3.888500e-02 3.129370e-01
3.907990e-02 3.113735e-01
3.927580e-02 3.098207e-01
3.947270e-02 3.082776e-01
3.967050e-02 3.067448e-01
3.986940e-02 3.052223e-01
4.006920e-02 3.037100e-01
4.027010e-02 3.022085e-01
4.047190e-02 3.007177e-01
4.067480e-02 2.992367e-01
4.087870e-02 2.977664e-01
4.108360e-02 2.963069e-01
4.128950e-02 2.948582e-01
4.149650e-02 2.934202e-01
4.170450e-02 2.919930e-01
4.191350e-02 2.905766e-01
4.212360e-02 2.891710e-01
4.233480e-02 2.877761e-01
4.254700e-02 2.863924e-01
4.276020e-02 2.850191e-01
4.297460e-02 2.836565e-01
4.319000e-02 2.823046e-01
4.340650e-02 2.809641e-01
4.362410e-02 2.796338e-01
4.384270e-02 2.783147e-01
4.406250e-02 2.770065e-01
4.428330e-02 2.757085e-01
4.450530e-02 2.744207e-01
4.472840e-02 2.731442e-01
4.495260e-02 2.718780e-01
4.517790e-02 2.706220e-01
4.540440e-02 2.693763e-01
4.563200e-02 2.681414e-01
4.586070e-02 2.669167e-01
4.609060e-02 2.657022e-01
4.632160e-02 2.644975e-01
4.655380e-02 2.633025e-01
4.678720e-02 2.621178e-01
4.702170e-02 2.609429e-01
4.725740e-02 2.597776e-01
4.749420e-02 2.586221e-01
4.773230e-02 2.574764e-01
4.797160e-02 2.563393e-01
4.821200e-02 2.552120e-01
4.845370e-02 2.540934e-01
4.869660e-02 2.529846e-01
4.894070e-02 2.518845e-01
4.918600e-02 2.507931e-01
4.943250e-02 2.497150e-01
4.968030e-02 2.486410e-01
4.992930e-02 2.475757e-01
5.017960e-02 2.465181e-01
5.043110e-02 2.454693e-01
5.068390e-02 2.444286e-01
5.093800e-02 2.433956e-01
5.119330e-02 2.423704e-01
5.144990e-02 2.413533e-01
5.170780e-02 2.403434e-01
5.196700e-02 2.393412e-01
5.222750e-02 2.383456e-01
5.248930e-02 2.373577e-01
5.275240e-02 2.363765e-01
5.301680e-02 2.354020e-01
5.328250e-02 2.344341e-01
5.354960e-02 2.334724e-01
5.381800e-02 2.325174e-01
5.408780e-02 2.315685e-01
5.435890e-02 2.306247e-01
5.463140e-02 2.296871e-01
5.490520e-02 2.287546e-01
5.518050e-02 2.278267e-01
5.545710e-02 2.269045e-01
5.573500e-02 2.259863e-01
5.601440e-02 2.250728e-01
5.629510e-02 2.241639e-01
5.657730e-02 2.232580e-01
5.686090e-02 2.223563e-01
5.714600e-02 2.214571e-01
5.743240e-02 2.205615e-01
5.772030e-02 2.196680e-01
5.800960e-02 2.187770e-01
5.830040e-02 2.178881e-01
5.859260e-02 2.170013e-01
5.888630e-02 2.161154e-01
5.918150e-02 2.152306e-01
5.947810e-02 2.143463e-01
5.977630e-02 2.134620e-01
6.007590e-02 2.125782e-01
6.037700e-02 2.116939e-01
6.067970e-02 2.108091e-01
6.098380e-02 2.099232e-01
6.128950e-02 2.090358e-01
6.159670e-02 2.081464e-01
6.190550e-02 2.072554e-01
6.221580e-02 2.063624e-01
6.252760e-02 2.054663e-01
6.284110e-02 2.045676e-01
6.315610e-02 2.036654e-01
6.347270e-02 2.027606e-01
6.379080e-02 2.018517e-01
6.411050e-02 2.009392e-01
6.443190e-02 2.000220e-01
6.475490e-02 1.991013e-01
6.507940e-02 1.981760e-01
6.540570e-02 1.972461e-01
6.573350e-02 1.963115e-01
6.606300e-02 1.953724e-01
6.639410e-02 1.944281e-01
6.672690e-02 1.934787e-01
6.706140e-02 1.925247e-01
6.739750e-02 1.915650e-01
6.773540e-02 1.906007e-01
6.807490e-02 1.896308e-01
6.841610e-02 1.886558e-01
6.875910e-02 1.876756e-01
6.910370e-02 1.866903e-01
6.945010e-02 1.856588e-01
6.979820e-02 1.846700e-01
7.014810e-02 1.836765e-01
7.049970e-02 1.826778e-01
7.085310e-02 1.816746e-01
7.120830e-02 1.806667e-01
7.156520e-02 1.796538e-01
7.192390e-02 1.786362e-01
7.228440e-02 1.776140e-01
7.264670e-02 1.765871e-01
7.301090e-02 1.755557e-01
7.337690e-02 1.745202e-01
7.374470e-02 1.734795e-01
7.411430e-02 1.724347e-01
7.448580e-02 1.713859e-01
7.485920e-02 1.703324e-01
7.523440e-02 1.692753e-01
7.561150e-02 1.682136e-01
7.599050e-02 1.671484e-01
7.637140e-02 1.660795e-01
7.675420e-02 1.650071e-01
7.713900e-02 1.639316e-01
7.752570e-02 1.628524e-01
7.791430e-02 1.617708e-01
7.830470e-02 1.606865e-01
7.869730e-02 1.595997e-01
7.909170e-02 1.585114e-01
7.948820e-02 1.574210e-01
7.988660e-02 1.563296e-01
8.028710e-02 1.552377e-01
8.068950e-02 1.541447e-01
8.109400e-02 1.530523e-01
8.150050e-02 1.519603e-01
8.190890e-02 1.508694e-01
8.231950e-02 1.497801e-01
8.273220e-02 1.486928e-01
8.314690e-02 1.476080e-01
8.356370e-02 1.465269e-01
8.398250e-02 1.454493e-01
8.440350e-02 1.443758e-01
8.482660e-02 1.433080e-01
8.525170e-02 1.422453e-01
8.567900e-02 1.411887e-01
8.610850e-02 1.401393e-01
8.654020e-02 1.390966e-01
8.697400e-02 1.380621e-01
8.740990e-02 1.370363e-01
8.784810e-02 1.360187e-01
8.828840e-02 1.350114e-01
8.873090e-02 1.340138e-01
8.917570e-02 1.330264e-01
8.962270e-02 1.320504e-01
9.007190e-02 1.310856e-01
9.052340e-02 1.301321e-01
9.097720e-02 1.291908e-01
9.143320e-02 1.282625e-01
9.189150e-02 1.273469e-01
9.235220e-02 1.264441e-01
9.281500e-02 1.255552e-01
9.328020e-02 1.246791e-01
9.374780e-02 1.238173e-01
9.421770e-02 1.229694e-01
9.469000e-02 1.221354e-01
9.516470e-02 1.213162e-01
9.564170e-02 1.205108e-01
9.612110e-02 1.197198e-01
9.660280e-02 1.189431e-01
9.708710e-02 1.181814e-01
9.757370e-02 1.174334e-01
9.806290e-02 1.166998e-01
9.855440e-02 1.159801e-01
9.904840e-02 1.152752e-01
9.954490e-02 1.145836e-01
1.000440e-01 1.139059e-01
1.005450e-01 1.132415e-01
1.010490e-01 1.125910e-01
1.015560e-01 1.119533e-01
1.020650e-01 1.113284e-01
1.025760e-01 1.107158e-01
1.030910e-01 1.101160e-01
1.036070e-01 1.095280e-01
1.041270e-01 1.089512e-01
1.046490e-01 1.083863e-01
1.051730e-01 1.078327e-01
1.057000e-01 1.072893e-01
1.062300e-01 1.067561e-01
1.067630e-01 1.062327e-01
1.072980e-01 1.057190e-01
1.078360e-01 1.052136e-01
1.083760e-01 1.047173e-01
1.089200e-01 1.042288e-01
1.094650e-01 1.037474e-01
1.100140e-01 1.032732e-01
1.105660e-01 1.028047e-01
1.111200e-01 1.023423e-01
1.116770e-01 1.018845e-01
1.122370e-01 1.014308e-01
1.127990e-01 1.009807e-01
1.133650e-01 1.005331e-01
1.139330e-01 1.000877e-01
1.145040e-01 9.964320e-02
1.150780e-01 9.919925e-02
1.156550e-01 9.875479e-02
1.162340e-01 9.830931e-02
1.168170e-01 9.786177e-02
1.174030e-01 9.741167e-02
1.179910e-01 9.695798e-02
1.185830e-01 9.650071e-02
1.191770e-01 9.603882e-02
1.197740e-01 9.557180e-02
1.203750e-01 9.509914e-02
1.209780e-01 9.462034e-02
1.215840e-01 9.413487e-02
1.221940e-01 9.364273e-02
1.228060e-01 9.314342e-02
1.234220e-01 9.263641e-02
1.240410e-01 9.212223e-02
1.246620e-01 9.159985e-02
1.252870e-01 9.106978e-02
1.259150e-01 9.053202e-02
1.265460e-01 8.998657e-02
1.271810e-01 8.943292e-02
1.278180e-01 8.887157e-02
1.284590e-01 8.830254e-02
1.291030e-01 8.772582e-02
1.297500e-01 8.714192e-02
1.304000e-01 8.655084e-02
1.310540e-01 8.595310e-02
1.317110e-01 8.534870e-02
1.323710e-01 8.473814e-02
1.330350e-01 8.412143e-02
1.337010e-01 8.349960e-02
1.343720e-01 8.287315e-02
1.350450e-01 8.224209e-02
1.357220e-01 8.160693e-02
1.364020e-01 8.096869e-02
1.370860e-01 8.032789e-02
1.377730e-01 7.968452e-02
1.384640e-01 7.904013e-02
1.391580e-01 7.839523e-02
1.398550e-01 7.775032e-02
1.405560e-01 7.710593e-02
1.412610e-01 7.646308e-02
1.419690e-01 7.582279e-02
1.426810e-01 7.518506e-02
1.433960e-01 7.455195e-02
1.441150e-01 7.392294e-02
1.448370e-01 7.329905e-02
1.455630e-01 7.268183e-02
1.462930e-01 7.207179e-02
1.470260e-01 7.146944e-02
1.477630e-01 7.087528e-02
1.485030e-01 7.029036e-02
1.492480e-01 6.971569e-02
1.499960e-01 6.915178e-02
1.507480e-01 6.859864e-02
1.515040e-01 6.805781e-02
1.522630e-01 6.752876e-02
1.530260e-01 6.701253e-02
1.537930e-01 6.650911e-02
1.545640e-01 6.601903e-02
1.553390e-01 6.554176e-02
1.561170e-01 6.507833e-02
1.569000e-01 6.462772e-02
1.576870e-01 6.419095e-02
1.584770e-01 6.376648e-02
1.592710e-01 6.335534e-02
1.600700e-01 6.295599e-02
1.608720e-01 6.256895e-02
1.616780e-01 6.219318e-02
1.624890e-01 6.182870e-02
1.633030e-01 6.147497e-02
1.641220e-01 6.113099e-02
1.649440e-01 6.079624e-02
1.657710e-01 6.046968e-02
1.666020e-01 6.015133e-02
1.674370e-01 5.983965e-02
1.682770e-01 5.953411e-02
1.691200e-01 5.923370e-02
1.699680e-01 5.893791e-02
1.708200e-01 5.864519e-02
1.716760e-01 5.835504e-02
1.725370e-01 5.806642e-02
1.734010e-01 5.777883e-02
1.742700e-01 5.749072e-02
1.751440e-01 5.720159e-02
1.760220e-01 5.691092e-02
1.769040e-01 5.661820e-02
1.777910e-01 5.632190e-02
1.786820e-01 5.602200e-02
1.795780e-01 5.571801e-02
1.804780e-01 5.540888e-02
1.813830e-01 5.509463e-02
1.822920e-01 5.477475e-02
1.832060e-01 5.444871e-02
1.841240e-01 5.411651e-02
1.850470e-01 5.377766e-02
1.859740e-01 5.343214e-02
1.869070e-01 5.307944e-02
1.878430e-01 5.272059e-02
1.887850e-01 5.235456e-02
1.897310e-01 5.198239e-02
1.906820e-01 5.160354e-02
1.916380e-01 5.121916e-02
1.925990e-01 5.082930e-02
1.935640e-01 5.043457e-02
1.945340e-01 5.003558e-02
1.955100e-01 4.963300e-02
1.964890e-01 4.922765e-02
1.974740e-01 4.882010e-02
1.984640e-01 4.841127e-02
1.994590e-01 4.800203e-02
2.004590e-01 4.759330e-02
2.014640e-01 4.718590e-02
2.024730e-01 4.678071e-02
2.034880e-01 4.637870e-02
2.045080e-01 4.598073e-02
2.055330e-01 4.558738e-02
2.065640e-01 4.519957e-02
2.075990e-01 4.481786e-02
2.086400e-01 4.444291e-02
2.096850e-01 4.407519e-02
2.107370e-01 4.371511e-02
2.117930e-01 4.336313e-02
2.128540e-01 4.301961e-02
2.139210e-01 4.268465e-02
2.149940e-01 4.235866e-02
2.160710e-01 4.204175e-02
2.171540e-01 4.173406e-02
2.182430e-01 4.143560e-02
2.193370e-01 4.114647e-02
2.204360e-01 4.086642e-02
2.215410e-01 4.059518e-02
2.226520e-01 4.033250e-02
2.237680e-01 4.007777e-02
2.248890e-01 3.983037e-02
2.260170e-01 3.958963e-02
2.271500e-01 3.935469e-02
2.282880e-01 3.912472e-02
2.294330e-01 3.889890e-02
2.305830e-01 3.867631e-02
2.317380e-01 3.845613e-02
2.329000e-01 3.823749e-02
2.340670e-01 3.801956e-02
2.352410e-01 3.780164e-02
2.364200e-01 3.758305e-02
2.376050e-01 3.736312e-02
2.387960e-01 3.714125e-02
2.399930e-01 3.691697e-02
2.411960e-01 3.668977e-02
2.424050e-01 3.645929e-02
2.436200e-01 3.622516e-02
2.448410e-01 3.598719e-02
2.460680e-01 3.574523e-02
2.473020e-01 3.549916e-02
2.485410e-01 3.524904e-02
2.497870e-01 3.499487e-02
2.510390e-01 3.473691e-02
2.522970e-01 3.447536e-02
2.535620e-01 3.421053e-02
2.548330e-01 3.394293e-02
2.561100e-01 3.367303e-02
2.573940e-01 3.340143e-02
2.586840e-01 3.312881e-02
2.599810e-01 3.285582e-02
2.612840e-01 3.258315e-02
2.625940e-01 3.231155e-02
2.639100e-01 3.204154e-02
2.652330e-01 3.177384e-02
2.665620e-01 3.150901e-02
2.678990e-01 3.124756e-02
2.692420e-01 3.099012e-02
2.705910e-01 3.073713e-02
2.719480e-01 3.048906e-02
2.733100e-01 3.024627e-02
2.746800e-01 3.000907e-02
2.760570e-01 2.977767e-02
2.774410e-01 2.955216e-02
2.788320e-01 2.933249e-02
2.802290e-01 2.911856e-02
2.816340e-01 2.891023e-02
2.830460e-01 2.870717e-02
2.844650e-01 2.850908e-02
2.858900e-01 2.831572e-02
2.873230e-01 2.812650e-02
2.887640e-01 2.794108e-02
2.902110e-01 2.775894e-02
2.916660e-01 2.757946e-02
2.931280e-01 2.740209e-02
2.945970e-01 2.722620e-02
2.960740e-01 2.705113e-02
2.975580e-01 2.687637e-02
2.990490e-01 2.670130e-02
3.005480e-01 2.652547e-02
3.020550e-01 2.634845e-02
3.035690e-01 2.616995e-02
3.050910e-01 2.598971e-02
3.066200e-01 2.580756e-02
3.081570e-01 2.562342e-02
3.097010e-01 2.543739e-02
3.112540e-01 2.524945e-02
3.128140e-01 2.505988e-02
3.143820e-01 2.486892e-02
3.159580e-01 2.467673e-02
3.175420e-01 2.448372e-02
3.191330e-01 2.429014e-02
3.207330e-01 2.409637e-02
3.223410e-01 2.390269e-02
3.239560e-01 2.370963e-02
3.255800e-01 2.351754e-02
3.272120e-01 2.332699e-02
3.288520e-01 2.313834e-02
3.305010e-01 2.295215e-02
3.321570e-01 2.276868e-02
3.338220e-01 2.258828e-02
3.354960e-01 2.241106e-02
3.371770e-01 2.223717e-02
3.388670e-01 2.206672e-02
3.405660e-01 2.189965e-02
3.422730e-01 2.173601e-02
3.439890e-01 2.157566e-02
3.457130e-01 2.141843e-02
3.474460e-01 2.126407e-02
3.491870e-01 2.111233e-02
3.509380e-01 2.096295e-02
3.526970e-01 2.081546e-02
3.544650e-01 2.066966e-02
3.562410e-01 2.052515e-02
3.580270e-01 2.038161e-02
3.598220e-01 2.023863e-02
3.616250e-01 2.009592e-02
3.634380e-01 1.995320e-02
3.652600e-01 1.981012e-02
3.670900e-01 1.966668e-02
3.689310e-01 1.952258e-02
3.707800e-01 1.937791e-02
3.726380e-01 1.923268e-02
3.745060e-01 1.908693e-02
3.763840e-01 1.894073e-02
3.782700e-01 1.879422e-02
3.801660e-01 1.864770e-02
3.820720e-01 1.850134e-02
3.839870e-01 1.835545e-02
3.859120e-01 1.821021e-02
3.878460e-01 1.806591e-02
3.897900e-01 1.792278e-02
3.917440e-01 1.778093e-02
3.937080e-01 1.764067e-02
3.956810e-01 1.750210e-02
3.976640e-01 1.736543e-02
3.996580e-01 1.723076e-02
4.016610e-01 1.709814e-02
4.036740e-01 1.696752e-02
4.056980e-01 1.683885e-02
4.077310e-01 1.671207e-02
4.097750e-01 1.658704e-02
4.118290e-01 1.646369e-02
4.138940e-01 1.634179e-02
4.159680e-01 1.622116e-02
4.180530e-01 1.610151e-02
4.201490e-01 1.598279e-02
4.222550e-01 1.586467e-02
4.243710e-01 1.574712e-02
4.264990e-01 1.562999e-02
4.286360e-01 1.551305e-02
4.307850e-01 1.539627e-02
4.329440e-01 1.527959e-02
4.351140e-01 1.516292e-02
4.372950e-01 1.504639e-02
4.394870e-01 1.493008e-02
4.416900e-01 1.481412e-02
4.439040e-01 1.469857e-02
4.461290e-01 1.458348e-02
4.483660e-01 1.446906e-02
4.506130e-01 1.435540e-02
4.528710e-01 1.424257e-02
4.551420e-01 1.413076e-02
4.574230e-01 1.402003e-02
4.597160e-01 1.391048e-02
4.620200e-01 1.380211e-02
4.643360e-01 1.369497e-02
4.666640e-01 1.358911e-02
4.690030e-01 1.348453e-02
4.713530e-01 1.338113e-02
4.737160e-01 1.327875e-02
4.760910e-01 1.317740e-02
4.784770e-01 1.307698e-02
4.808760e-01 1.297742e-02
4.832860e-01 1.287859e-02
4.857090e-01 1.278036e-02
4.881430e-01 1.268271e-02
4.905900e-01 1.258556e-02
4.930490e-01 1.248882e-02
4.955200e-01 1.239250e-02
4.980040e-01 1.229664e-02
5.005010e-01 1.220108e-02
5.030090e-01 1.210593e-02
5.055310e-01 1.201125e-02
5.080650e-01 1.191713e-02
5.106110e-01 1.182357e-02
5.131710e-01 1.173068e-02
5.157430e-01 1.163845e-02
5.183280e-01 1.154700e-02
5.209260e-01 1.145636e-02
5.235380e-01 1.136660e-02
5.261620e-01 1.127761e-02
5.287990e-01 1.118948e-02
5.314500e-01 1.110218e-02
5.341130e-01 1.101570e-02
5.367910e-01 1.092998e-02
5.394810e-01 1.084509e-02
5.421860e-01 1.076081e-02
5.449040e-01 1.067720e-02
5.476350e-01 1.059420e-02
5.503800e-01 1.051182e-02
5.531390e-01 1.042995e-02
5.559110e-01 1.034855e-02
5.586980e-01 1.026760e-02
5.614980e-01 1.018717e-02
5.643130e-01 1.010714e-02
5.671410e-01 1.002768e-02
5.699840e-01 9.948685e-03
5.728410e-01 9.870250e-03
5.757130e-01 9.792380e-03
5.785980e-01 9.715125e-03
5.814980e-01 9.638434e-03
5.844130e-01 9.562358e-03
5.873430e-01 9.486897e-03
5.902870e-01 9.412102e-03
5.932460e-01 9.337923e-03
5.962190e-01 9.264359e-03
5.992080e-01 9.191410e-03
6.022120e-01 9.119076e-03
6.052300e-01 9.047307e-03
6.082640e-01 8.976049e-03
6.113130e-01 8.905356e-03
6.143770e-01 8.835124e-03
6.174570e-01 8.765456e-03
6.205520e-01 8.696250e-03
6.236620e-01 8.627556e-03
6.267880e-01 8.559272e-03
6.299300e-01 8.491500e-03
6.330870e-01 8.424191e-03
6.362610e-01 8.357342e-03
6.394500e-01 8.290955e-03
6.426550e-01 8.225080e-03
6.458770e-01 8.159770e-03
6.491140e-01 8.094972e-03
6.523680e-01 8.030635e-03
6.556380e-01 7.966863e-03
6.589240e-01 7.903603e-03
6.622270e-01 7.840804e-03
6.655470e-01 7.778518e-03
6.688830e-01 7.716694e-03
6.722360e-01 7.655330e-03
6.756050e-01 7.594480e-03
6.789920e-01 7.534091e-03
6.823950e-01 7.474112e-03
6.858150e-01 7.414594e-03
6.892530e-01 7.355486e-03
6.927080e-01 7.296789e-03
6.961800e-01 7.238501e-03
6.996700e-01 7.180727e-03
7.031770e-01 7.123362e-03
7.067020e-01 7.066408e-03
7.102440e-01 7.009914e-03
7.138040e-01 6.953883e-03
7.173820e-01 6.898261e-03
7.209780e-01 6.843101e-03
7.245920e-01 6.788351e-03
7.282240e-01 6.734011e-03
7.318740e-01 6.680132e-03
7.355430e-01 6.626612e-03
7.392300e-01 6.573503e-03
7.429350e-01 6.520803e-03
7.466590e-01 6.468514e-03
7.504020e-01 6.416634e-03
7.541630e-01 6.365114e-03
7.579430e-01 6.314003e-03
7.617430e-01 6.263303e-03
7.655610e-01 6.212962e-03
7.693980e-01 6.162979e-03
7.732550e-01 6.113407e-03
7.771300e-01 6.064244e-03
7.810260e-01 6.015441e-03
7.849410e-01 5.966996e-03
7.888760e-01 5.918962e-03
7.928300e-01 5.871286e-03
7.968040e-01 5.823969e-03
8.007980e-01 5.777011e-03
8.048120e-01 5.730412e-03
8.088460e-01 5.684223e-03
8.129000e-01 5.638393e-03
8.169750e-01 5.592819e-03
8.210700e-01 5.547655e-03
8.251860e-01 5.502850e-03
8.293220e-01 5.458353e-03
8.334790e-01 5.414215e-03
8.376570e-01 5.370435e-03
8.418550e-01 5.327014e-03
8.460750e-01 5.283901e-03
8.503160e-01 5.241095e-03
8.545790e-01 5.198700e-03
8.588620e-01 5.156561e-03
8.631680e-01 5.114801e-03
8.674940e-01 5.073339e-03
8.718430e-01 5.032189e-03
8.762130e-01 4.991377e-03
8.806040e-01 4.950899e-03
8.850180e-01 4.910718e-03
8.894550e-01 4.870855e-03
8.939130e-01 4.831295e-03
8.983940e-01 4.792037e-03
9.028970e-01 4.753091e-03
9.074230e-01 4.714459e-03
9.119720e-01 4.676118e-03
9.165420e-01 4.638085e-03
9.211370e-01 4.600339e-03
9.257540e-01 4.562881e-03
9.303940e-01 4.525724e-03
9.350580e-01 4.488865e-03
9.397450e-01 4.452294e-03
9.444560e-01 4.416009e-03
9.491900e-01 4.380006e-03
9.539470e-01 4.344285e-03
9.587290e-01 4.308846e-03
9.635350e-01 4.273679e-03
9.683640e-01 4.238783e-03
9.732190e-01 4.204165e-03
9.780970e-01 4.169818e-03
9.830000e-01 4.135742e-03
9.879270e-01 4.101939e-03
9.928790e-01 4.068392e-03
9.978550e-01 4.035111e-03
1.002860e+00 4.002086e-03
1.007880e+00 3.969324e-03
1.012940e+00 3.936832e-03
1.018010e+00 3.904587e-03
1.023120e+00 3.872588e-03
1.028250e+00 3.840850e-03
1.033400e+00 3.809359e-03
1.038580e+00 3.778129e-03
1.043780e+00 3.747139e-03
1.049020e+00 3.716386e-03
1.054270e+00 3.685879e-03
1.059560e+00 3.655607e-03
1.064870e+00 3.625577e-03
1.070210e+00 3.595792e-03
1.075570e+00 3.566238e-03
1.080960e+00 3.536926e-03
1.086380e+00 3.507843e-03
1.091830e+00 3.478987e-03
1.097300e+00 3.450361e-03
1.102800e+00 3.421955e-03
1.108330e+00 3.393786e-03
1.113880e+00 3.365842e-03
1.119470e+00 3.338118e-03
1.125080e+00 3.310610e-03
1.130720e+00 3.283317e-03
1.136390e+00 3.256249e-03
1.142080e+00 3.229392e-03
1.147810e+00 3.202755e-03
1.153560e+00 3.176318e-03
1.159340e+00 3.150096e-03
1.165150e+00 3.124090e-03
1.170990e+00 3.098289e-03
1.176860e+00 3.072703e-03
1.182760e+00 3.047307e-03
1.188690e+00 3.022115e-03
1.194650e+00 2.997124e-03
1.200640e+00 2.972333e-03
1.206660e+00 2.947746e-03
1.212710e+00 2.923345e-03
1.218780e+00 2.899148e-03
1.224890e+00 2.875146e-03
1.231030e+00 2.851329e-03
1.237200e+00 2.827701e-03
1.243400e+00 2.804268e-03
1.249640e+00 2.781025e-03
1.255900e+00 2.757961e-03
1.262200e+00 2.735087e-03
1.268520e+00 2.712393e-03
1.274880e+00 2.689888e-03
1.281270e+00 2.667557e-03
1.287690e+00 2.645406e-03
1.294150e+00 2.623429e-03
1.300640e+00 2.601641e-03
1.307160e+00 2.580018e-03
1.313710e+00 2.558574e-03
1.320290e+00 2.537295e-03
1.326910e+00 2.516194e-03
1.333560e+00 2.495268e-03
1.340250e+00 2.474501e-03
1.346960e+00 2.453908e-03
1.353720e+00 2.433480e-03
1.360500e+00 2.413205e-03
1.367320e+00 2.393104e-03
1.374180e+00 2.373162e-03
1.381060e+00 2.353384e-03
1.387980e+00 2.333761e-03
1.394940e+00 2.314301e-03
1.401930e+00 2.295000e-03
1.408960e+00 2.275847e-03
1.416020e+00 2.256849e-03
1.423120e+00 2.238009e-03
1.430260e+00 2.219318e-03
1.437430e+00 2.200781e-03
1.444630e+00 2.182388e-03
1.451870e+00 2.164153e-03
1.459150e+00 2.146062e-03
1.466460e+00 2.128114e-03
1.473810e+00 2.110315e-03
1.481200e+00 2.092660e-03
1.488630e+00 2.075148e-03
1.496090e+00 2.057775e-03
1.503590e+00 2.040550e-03
1.511120e+00 2.023458e-03
1.518700e+00 2.006505e-03
1.526310e+00 1.989696e-03
1.533960e+00 1.973025e-03
1.541650e+00 1.956482e-03
1.549380e+00 1.940077e-03
1.557140e+00 1.923806e-03
1.564950e+00 1.907668e-03
1.572790e+00 1.891663e-03
1.580680e+00 1.875787e-03
1.588600e+00 1.860039e-03
1.596560e+00 1.844418e-03
1.604570e+00 1.828926e-03
1.612610e+00 1.813562e-03
1.620690e+00 1.798322e-03
1.628820e+00 1.783204e-03
1.636980e+00 1.768214e-03
1.645190e+00 1.753342e-03
1.653430e+00 1.738594e-03
1.661720e+00 1.723968e-03
1.670050e+00 1.709460e-03
1.678420e+00 1.695070e-03
1.686830e+00 1.680798e-03
1.695290e+00 1.666644e-03
1.703790e+00 1.652603e-03
1.712330e+00 1.638685e-03
1.720910e+00 1.624869e-03
1.729540e+00 1.611171e-03
1.738210e+00 1.597586e-03
1.746920e+00 1.584114e-03
1.755680e+00 1.570750e-03
1.764480e+00 1.557498e-03
1.773320e+00 1.544354e-03
1.782210e+00 1.531317e-03
1.791140e+00 1.518394e-03
1.800120e+00 1.505567e-03
1.809140e+00 1.492849e-03
1.818210e+00 1.480233e-03
1.827330e+00 1.467724e-03
1.836490e+00 1.455313e-03
1.845690e+00 1.443010e-03
1.854940e+00 1.430804e-03
1.864240e+00 1.418705e-03
1.873580e+00 1.406699e-03
1.882980e+00 1.394791e-03
1.892410e+00 1.382984e-03
1.901900e+00 1.371271e-03
1.911430e+00 1.359659e-03
1.921010e+00 1.348140e-03
1.930640e+00 1.336718e-03
1.940320e+00 1.325389e-03
1.950050e+00 1.314152e-03
1.959820e+00 1.303007e-03
1.969650e+00 1.291960e-03
1.979520e+00 1.280999e-03
1.989440e+00 1.270131e-03
1.999410e+00 1.259351e-03
2.009440e+00 1.248662e-03
2.019510e+00 1.238066e-03
2.029630e+00 1.227551e-03
2.039800e+00 1.217119e-03
2.050030e+00 1.206779e-03
2.060300e+00 1.196526e-03
2.070630e+00 1.186356e-03
2.081010e+00 1.176272e-03
2.091440e+00 1.166270e-03
2.101930e+00 1.156351e-03
2.112460e+00 1.146513e-03
2.123050e+00 1.136763e-03
2.133690e+00 1.127084e-03
2.144390e+00 1.117492e-03
2.155140e+00 1.107978e-03
2.165940e+00 1.098545e-03
2.176800e+00 1.089184e-03
2.187710e+00 1.079905e-03
2.198670e+00 1.070709e-03
2.209690e+00 1.061584e-03
2.220770e+00 1.052536e-03
2.231900e+00 1.043559e-03
2.243090e+00 1.034660e-03
2.254330e+00 1.025837e-03
2.265630e+00 1.017081e-03
2.276990e+00 1.008402e-03
2.288400e+00 9.998001e-04
2.299870e+00 9.912646e-04
2.311400e+00 9.827957e-04
2.322990e+00 9.744038e-04
2.334630e+00 9.660785e-04
2.346330e+00 9.578250e-04
2.358090e+00 9.496381e-04
2.369910e+00 9.415230e-04
2.381790e+00 9.334745e-04
2.393730e+00 9.254926e-04
2.405730e+00 9.175723e-04
2.417790e+00 9.097238e-04
2.429910e+00 9.019419e-04
2.442090e+00 8.942215e-04
2.454330e+00 8.865678e-04
2.466630e+00 8.789755e-04
2.479000e+00 8.714500e-04
2.491420e+00 8.639859e-04
2.503910e+00 8.565833e-04
2.516460e+00 8.492423e-04
2.529070e+00 8.419628e-04
2.541750e+00 8.347448e-04
2.554490e+00 8.275883e-04
2.567300e+00 8.204934e-04
2.580170e+00 8.134548e-04
2.593100e+00 8.064777e-04
2.606100e+00 7.995571e-04
2.619160e+00 7.926979e-04
2.632290e+00 7.858900e-04
2.645480e+00 7.791437e-04
2.658740e+00 7.724537e-04
2.672070e+00 7.658201e-04
2.685460e+00 7.592429e-04
2.698930e+00 7.527170e-04
2.712450e+00 7.462526e-04
2.726050e+00 7.398343e-04
2.739710e+00 7.334776e-04
2.753450e+00 7.271721e-04
2.767250e+00 7.209178e-04
2.781120e+00 7.147149e-04
2.795060e+00 7.085683e-04
2.809070e+00 7.024679e-04
2.823150e+00 6.964238e-04
2.837300e+00 6.904310e-04
2.851520e+00 6.844844e-04
2.865820e+00 6.785890e-04
2.880180e+00 6.727449e-04
2.894620e+00 6.669520e-04
2.909130e+00 6.612053e-04
2.923710e+00 6.555047e-04
2.938360e+00 6.498554e-04
2.953090e+00 6.442523e-04
2.967900e+00 6.387004e-04
2.982770e+00 6.331895e-04
2.997720e+00 6.277298e-04
3.012750e+00 6.223112e-04
3.027850e+00 6.169438e-04
3.043030e+00 6.116175e-04
3.058280e+00 6.063373e-04
3.073610e+00 6.011032e-04
3.089020e+00 5.959101e-04
3.104500e+00 5.907632e-04
3.120060e+00 5.856624e-04
3.135700e+00 5.806027e-04
3.151420e+00 5.755839e-04
3.167220e+00 5.706061e-04
3.183090e+00 5.656745e-04
3.199050e+00 5.607839e-04
3.215080e+00 5.559343e-04
3.231200e+00 5.511258e-04
3.247400e+00 5.463582e-04
3.263670e+00 5.416316e-04
3.280030e+00 5.369461e-04
3.296470e+00 5.322964e-04
3.313000e+00 5.276878e-04
3.329600e+00 5.231201e-04
3.346290e+00 5.185884e-04
3.363070e+00 5.140976e-04
3.379920e+00 5.096448e-04
3.396870e+00 5.052289e-04
3.413890e+00 5.008510e-04
3.431010e+00 4.965099e-04
3.448200e+00 4.922058e-04
3.465490e+00 4.879386e-04
3.482860e+00 4.837077e-04
3.500320e+00 4.795128e-04
3.517860e+00 4.753532e-04
3.535500e+00 4.712285e-04
3.553220e+00 4.671397e-04
3.571030e+00 4.630852e-04
3.588930e+00 4.590650e-04
3.606920e+00 4.550787e-04
3.624990e+00 4.511278e-04
3.643170e+00 4.472097e-04
3.661430e+00 4.433244e-04
3.679780e+00 4.394729e-04
3.698230e+00 4.356537e-04
3.716760e+00 4.318673e-04
3.735400e+00 4.281128e-04
3.754120e+00 4.243905e-04
3.772930e+00 4.207010e-04
3.791850e+00 4.170417e-04
3.810850e+00 4.134143e-04
3.829960e+00 4.098176e-04
3.849150e+00 4.062512e-04
3.868450e+00 4.027160e-04
3.887840e+00 3.992100e-04
3.907330e+00 3.957353e-04
3.926910e+00 3.922894e-04
3.946590e+00 3.888736e-04
3.966380e+00 3.854866e-04
3.986260e+00 3.821288e-04
4.006240e+00 3.787997e-04
4.026320e+00 3.754988e-04
4.046500e+00 3.722261e-04
4.066790e+00 3.689821e-04
4.087170e+00 3.657653e-04
4.107660e+00 3.625766e-04
4.128250e+00 3.594147e-04
4.148940e+00 3.562799e-04
4.169740e+00 3.531722e-04
4.190640e+00 3.500907e-04
4.211650e+00 3.470354e-04
4.232760e+00 3.440067e-04
4.253970e+00 3.410037e-04
4.275290e+00 3.380273e-04
4.296720e+00 3.350755e-04
4.318260e+00 3.321493e-04
4.339910e+00 3.292477e-04
4.361660e+00 3.263713e-04
4.383530e+00 3.235195e-04
4.405500e+00 3.206923e-04
4.427580e+00 3.178897e-04
4.449780e+00 3.151106e-04
4.472080e+00 3.123557e-04
4.494490e+00 3.096243e-04
4.517020e+00 3.069166e-04
4.539670e+00 3.042319e-04
4.562420e+00 3.015702e-04
4.585290e+00 2.989317e-04
4.608280e+00 2.963151e-04
4.631370e+00 2.937222e-04
4.654590e+00 2.911513e-04
4.677920e+00 2.886024e-04
4.701370e+00 2.860751e-04
4.724930e+00 2.835698e-04
4.748620e+00 2.810861e-04
4.772420e+00 2.786239e-04
4.796340e+00 2.761827e-04
4.820380e+00 2.737630e-04
4.844540e+00 2.713638e-04
4.868830e+00 2.689857e-04
4.893230e+00 2.666275e-04
4.917760e+00 2.642899e-04
4.942410e+00 2.619722e-04
4.967190e+00 2.596746e-04
4.992080e+00 2.573969e-04
5.017110e+00 2.551387e-04
5.042260e+00 2.529000e-04
5.067530e+00 2.506813e-04
5.092930e+00 2.484810e-04
5.118460e+00 2.462998e-04
5.144110e+00 2.441369e-04
5.169900e+00 2.419936e-04
5.195820e+00 2.398681e-04
5.221860e+00 2.377612e-04
5.248040e+00 2.356722e-04
5.274340e+00 2.336021e-04
5.300780e+00 2.315490e-04
5.327350e+00 2.295143e-04
5.354050e+00 2.274966e-04
5.380890e+00 2.254967e-04
5.407860e+00 2.235139e-04
5.434970e+00 2.215484e-04
5.462210e+00 2.195998e-04
5.489590e+00 2.176687e-04
5.517100e+00 2.157540e-04
5.544760e+00 2.138557e-04
5.572550e+00 2.119738e-04
5.600490e+00 2.101083e-04
5.628560e+00 2.082587e-04
5.656770e+00 2.064255e-04
5.685130e+00 2.046081e-04
5.713630e+00 2.028062e-04
5.742260e+00 2.010207e-04
5.771040e+00 1.992500e-04
5.799970e+00 1.974947e-04
5.829050e+00 1.957548e-04
5.858260e+00 1.940298e-04
5.887630e+00 1.923196e-04
5.917140e+00 1.906248e-04
5.946800e+00 1.889444e-04
5.976610e+00 1.872788e-04
6.006570e+00 1.856271e-04
6.036670e+00 1.839897e-04
6.066930e+00 1.823672e-04
6.097340e+00 1.807580e-04
6.127910e+00 1.791632e-04
6.158630e+00 1.775822e-04
6.189500e+00 1.760150e-04
6.220520e+00 1.744617e-04
6.251700e+00 1.729218e-04
6.283040e+00 1.713946e-04
6.314530e+00 1.698813e-04
6.346180e+00 1.683813e-04
6.377990e+00 1.668941e-04
6.409960e+00 1.654198e-04
6.442090e+00 1.639582e-04
6.474390e+00 1.625095e-04
6.506830e+00 1.610736e-04
6.539450e+00 1.596505e-04
6.572230e+00 1.582392e-04
6.605170e+00 1.568402e-04
6.638280e+00 1.554535e-04
6.671560e+00 1.540791e-04
6.705000e+00 1.527165e-04
6.738610e+00 1.513657e-04
6.772380e+00 1.500267e-04
6.806330e+00 1.486994e-04
6.840450e+00 1.473835e-04
6.874740e+00 1.460793e-04
6.909200e+00 1.447864e-04
6.943830e+00 1.435048e-04
6.978640e+00 1.422340e-04
7.013620e+00 1.409749e-04
7.048770e+00 1.397267e-04
7.084100e+00 1.384891e-04
7.119610e+00 1.372624e-04
7.155300e+00 1.360464e-04
7.191170e+00 1.348407e-04
7.227210e+00 1.336457e-04
7.263440e+00 1.324615e-04
7.299850e+00 1.312876e-04
7.336440e+00 1.301239e-04
7.373210e+00 1.289704e-04
7.410170e+00 1.278267e-04
7.447310e+00 1.266933e-04
7.484640e+00 1.255695e-04
7.522160e+00 1.244561e-04
7.559870e+00 1.233519e-04
7.597760e+00 1.222574e-04
7.635850e+00 1.211726e-04
7.674110e+00 1.200976e-04
7.712580e+00 1.190318e-04
7.751240e+00 1.179753e-04
7.790100e+00 1.169279e-04
7.829150e+00 1.158893e-04
7.868390e+00 1.148605e-04
7.907830e+00 1.138403e-04
7.947470e+00 1.128294e-04
7.987300e+00 1.118272e-04
8.027340e+00 1.108337e-04
8.067580e+00 1.098489e-04
8.108020e+00 1.088723e-04
8.148660e+00 1.079049e-04
8.189510e+00 1.069458e-04
8.230560e+00 1.059948e-04
8.271810e+00 1.050526e-04
8.313280e+00 1.041186e-04
8.354940e+00 1.031927e-04
8.396820e+00 1.022751e-04
8.438910e+00 1.013652e-04
8.481210e+00 1.004634e-04
8.523720e+00 9.956989e-05
8.566450e+00 9.868354e-05
8.609390e+00 9.780538e-05
8.652550e+00 9.693492e-05
8.695910e+00 9.607265e-05
8.739500e+00 9.521705e-05
8.783310e+00 9.436966e-05
8.827340e+00 9.352892e-05
8.871580e+00 9.269639e-05
8.916050e+00 9.187053e-05
8.960750e+00 9.105235e-05
9.005660e+00 9.024084e-05
9.050800e+00 8.943702e-05
9.096170e+00 8.863986e-05
9.141760e+00 8.784988e-05
9.187590e+00 8.706707e-05
9.233640e+00 8.629093e-05
9.279930e+00 8.552146e-05
9.326440e+00 8.475916e-05
9.373190e+00 8.400353e-05
9.420180e+00 8.325404e-05
9.467390e+00 8.251174e-05
9.514840e+00 8.177559e-05
9.562540e+00 8.104610e-05
9.610470e+00 8.032327e-05
9.658650e+00 7.960660e-05
9.707060e+00 7.889608e-05
9.755720e+00 7.819222e-05
9.804620e+00 7.749400e-05
9.853760e+00 7.680245e-05
9.903150e+00 7.611653e-05
9.952790e+00 7.543728e-05
1.000270e+01 7.476316e-05
1.005280e+01 7.409570e-05
1.010320e+01 7.343388e-05
1.015390e+01 7.277770e-05
1.020480e+01 7.212767e-05
1.025590e+01 7.148328e-05
1.030730e+01 7.084453e-05
1.035900e+01 7.021141e-05
1.041090e+01 6.958343e-05
1.046310e+01 6.896159e-05
1.051550e+01 6.834488e-05
1.056820e+01 6.773382e-05
1.062120e+01 6.712839e-05
1.067450e+01 6.652808e-05
1.072800e+01 6.593291e-05
1.078170e+01 6.534337e-05
1.083580e+01 6.475896e-05
1.089010e+01 6.417967e-05
1.094470e+01 6.360500e-05
1.099950e+01 6.303597e-05
1.105470e+01 6.247206e-05
1.111010e+01 6.191277e-05
1.116580e+01 6.135860e-05
1.122170e+01 6.080905e-05
1.127800e+01 6.026463e-05
1.133450e+01 5.972481e-05
1.139130e+01 5.919013e-05
1.144840e+01 5.866006e-05
1.150580e+01 5.813460e-05
1.156350e+01 5.761376e-05
1.162150e+01 5.709752e-05
1.167970e+01 5.658591e-05
1.173830e+01 5.607891e-05
1.179710e+01 5.557600e-05
1.185620e+01 5.507823e-05
1.191570e+01 5.458456e-05
1.197540e+01 5.409498e-05
1.203540e+01 5.361002e-05
1.209570e+01 5.312917e-05
1.215640e+01 5.265292e-05
1.221730e+01 5.218078e-05
1.227850e+01 5.171274e-05
1.234010e+01 5.124869e-05
1.240190e+01 5.078890e-05
1.246410e+01 5.033317e-05
1.252660e+01 4.988148e-05
1.258940e+01 4.943379e-05
1.265250e+01 4.899015e-05
1.271590e+01 4.855040e-05
1.277960e+01 4.811450e-05
1.284370e+01 4.768250e-05
1.290810e+01 4.725434e-05
1.297280e+01 4.683003e-05
1.303780e+01 4.640946e-05
1.310320e+01 4.599258e-05
1.316880e+01 4.557954e-05
1.323480e+01 4.517004e-05
1.330120e+01 4.476424e-05
1.336790e+01 4.436202e-05
1.343490e+01 4.396334e-05
1.350220e+01 4.356824e-05
1.356990e+01 4.317658e-05
1.363790e+01 4.278846e-05
1.370630e+01 4.240378e-05
1.377500e+01 4.202258e-05
1.384400e+01 4.164471e-05
1.391340e+01 4.127017e-05
1.398320e+01 4.089897e-05
1.405320e+01 4.053110e-05
1.412370e+01 4.016645e-05
1.419450e+01 3.980509e-05
1.426560e+01 3.944696e-05
1.433710e+01 3.909206e-05
1.440900e+01 3.874029e-05
1.448120e+01 3.839164e-05
1.455380e+01 3.804607e-05
1.462680e+01 3.770357e-05
1.470010e+01 3.736415e-05
1.477380e+01 3.702775e-05
1.484780e+01 3.669433e-05
1.492220e+01 3.636393e-05
1.499700e+01 3.603641e-05
1.507220e+01 3.571180e-05
1.514780e+01 3.539012e-05
1.522370e+01 3.507126e-05
1.530000e+01 3.475526e-05
1.537670e+01 3.444209e-05
1.545380e+01 3.413169e-05
1.553120e+01 3.382405e-05
1.560910e+01 3.351923e-05
1.568730e+01 3.321708e-05
1.576600e+01 3.291765e-05
1.584500e+01 3.262088e-05
1.592440e+01 3.232673e-05
1.600420e+01 3.203524e-05
1.608450e+01 3.174631e-05
1.616510e+01 3.146000e-05
1.624610e+01 3.117626e-05
1.632750e+01 3.089502e-05
1.640940e+01 3.061625e-05
1.649160e+01 3.033998e-05
1.657430e+01 3.006623e-05
1.665740e+01 2.979484e-05
1.674090e+01 2.952591e-05
1.682480e+01 2.925944e-05
1.690910e+01 2.899532e-05
1.699390e+01 2.873357e-05
1.707910e+01 2.847412e-05
1.716470e+01 2.821698e-05
1.725070e+01 2.796220e-05
1.733720e+01 2.770967e-05
1.742410e+01 2.745940e-05
1.751140e+01 2.721133e-05
1.759920e+01 2.696552e-05
1.768740e+01 2.672191e-05
1.777610e+01 2.648046e-05
1.786520e+01 2.624116e-05
1.795470e+01 2.600401e-05
1.804470e+01 2.576896e-05
1.813520e+01 2.553602e-05
1.822610e+01 2.530518e-05
1.831740e+01 2.507638e-05
1.840920e+01 2.484969e-05
1.850150e+01 2.462500e-05
1.859430e+01 2.440231e-05
1.868750e+01 2.418162e-05
1.878110e+01 2.396287e-05
1.887530e+01 2.374613e-05
1.896990e+01 2.353128e-05
1.906500e+01 2.331838e-05
1.916050e+01 2.310748e-05
1.925660e+01 2.289837e-05
1.935310e+01 2.269111e-05
1.945010e+01 2.248575e-05
1.954760e+01 2.228223e-05
1.964560e+01 2.208051e-05
1.974410e+01 2.188057e-05
1.984300e+01 2.168249e-05
1.994250e+01 2.148615e-05
2.004250e+01 2.129160e-05
2.014290e+01 2.109875e-05
2.024390e+01 2.090768e-05
2.034540e+01 2.071826e-05
2.044740e+01 2.053058e-05
2.054980e+01 2.034460e-05
2.065290e+01 2.016025e-05
2.075640e+01 1.997760e-05
2.086040e+01 1.979658e-05
2.096500e+01 1.961716e-05
2.107010e+01 1.943932e-05
2.117570e+01 1.926313e-05
2.128180e+01 1.908847e-05
2.138850e+01 1.891540e-05
2.149570e+01 1.874393e-05
2.160350e+01 1.857393e-05
2.171170e+01 1.840553e-05
2.182060e+01 1.823861e-05
2.192990e+01 1.807318e-05
2.203990e+01 1.790924e-05
2.215040e+01 1.774673e-05
2.226140e+01 1.758576e-05
2.237300e+01 1.742618e-05
2.248510e+01 1.726803e-05
2.259780e+01 1.711132e-05
2.271110e+01 1.695604e-05
2.282490e+01 1.680214e-05
2.293930e+01 1.664963e-05
2.305430e+01 1.649845e-05
2.316990e+01 1.634866e-05
2.328600e+01 1.620020e-05
2.340280e+01 1.605312e-05
2.352010e+01 1.590732e-05
2.363790e+01 1.576286e-05
2.375640e+01 1.561968e-05
2.387550e+01 1.547783e-05
2.399520e+01 1.533722e-05
2.411550e+01 1.519788e-05
2.423630e+01 1.505977e-05
2.435780e+01 1.492290e-05
2.447990e+01 1.478730e-05
2.460260e+01 1.465294e-05
2.472590e+01 1.451971e-05
2.484990e+01 1.438775e-05
2.497440e+01 1.425693e-05
2.509960e+01 1.412728e-05
2.522550e+01 1.399886e-05
2.535190e+01 1.387157e-05
2.547900e+01 1.374541e-05
2.560670e+01 1.362038e-05
2.573500e+01 1.349652e-05
2.586400e+01 1.337375e-05
2.599370e+01 1.325210e-05
2.612400e+01 1.313152e-05
2.625490e+01 1.301203e-05
2.638650e+01 1.289361e-05
2.651880e+01 1.277631e-05
2.665170e+01 1.266000e-05
2.678530e+01 1.254480e-05
2.691960e+01 1.243059e-05
2.705450e+01 1.231745e-05
2.719010e+01 1.220528e-05
2.732640e+01 1.209414e-05
2.746340e+01 1.198403e-05
2.760100e+01 1.187488e-05
2.773940e+01 1.176677e-05
2.787840e+01 1.165963e-05
2.801820e+01 1.155341e-05
2.815860e+01 1.144816e-05
2.829980e+01 1.134384e-05
2.844160e+01 1.124049e-05
2.858420e+01 1.113806e-05
2.872750e+01 1.103656e-05
2.887150e+01 1.093598e-05
2.901620e+01 1.083627e-05
2.916160e+01 1.073754e-05
2.930780e+01 1.063967e-05
2.945470e+01 1.054268e-05
2.960230e+01 1.044656e-05
2.975070e+01 1.035126e-05
2.989990e+01 1.025688e-05
3.004970e+01 1.016333e-05
3.020040e+01 1.007064e-05
3.035170e+01 9.978828e-06
3.050390e+01 9.887783e-06
3.065680e+01 9.797558e-06
3.081040e+01 9.708153e-06
3.096490e+01 9.619620e-06
3.112010e+01 9.531804e-06
3.127610e+01 9.444809e-06
3.143290e+01 9.358634e-06
3.159040e+01 9.273228e-06
3.174870e+01 9.188591e-06
3.190790e+01 9.104722e-06
3.206780e+01 9.021572e-06
3.222860e+01 8.939190e-06
3.239010e+01 8.857578e-06
3.255250e+01 8.776683e-06
3.271570e+01 8.696506e-06
3.287960e+01 8.617098e-06
3.304440e+01 8.538407e-06
3.321010e+01 8.460383e-06
3.337650e+01 8.383128e-06
3.354380e+01 8.306488e-06
3.371200e+01 8.230617e-06
3.388100e+01 8.155412e-06
3.405080e+01 8.080874e-06
3.422150e+01 8.007003e-06
3.439300e+01 7.933849e-06
3.456540e+01 7.861310e-06
3.473870e+01 7.789438e-06
3.491280e+01 7.718232e-06
3.508780e+01 7.647641e-06
3.526370e+01 7.577716e-06
3.544040e+01 7.508407e-06
3.561810e+01 7.439765e-06
3.579660e+01 7.371686e-06
3.597600e+01 7.304273e-06
3.615640e+01 7.237476e-06
3.633760e+01 7.171243e-06
3.651980e+01 7.105625e-06
3.670280e+01 7.040622e-06
3.688680e+01 6.976183e-06
3.707170e+01 6.912308e-06
3.725750e+01 6.849048e-06
3.744420e+01 6.786351e-06
3.763190e+01 6.724271e-06
3.782060e+01 6.662702e-06
3.801020e+01 6.601698e-06
3.820070e+01 6.541257e-06
3.839220e+01 6.481330e-06
3.858460e+01 6.421966e-06
3.877800e+01 6.363166e-06
3.897240e+01 6.304878e-06
3.916770e+01 6.247104e-06
3.936410e+01 6.189893e-06
3.956140e+01 6.133195e-06
3.975970e+01 6.077009e-06
3.995900e+01 6.021285e-06
4.015930e+01 5.966125e-06
4.036060e+01 5.911426e-06
4.056290e+01 5.857291e-06
4.076620e+01 5.803566e-06
4.097050e+01 5.750354e-06
4.117590e+01 5.697654e-06
4.138230e+01 5.645416e-06
4.158970e+01 5.593639e-06
4.179820e+01 5.542324e-06
4.200770e+01 5.491521e-06
4.221830e+01 5.441128e-06
4.242990e+01 5.391248e-06
4.264260e+01 5.341778e-06
4.285630e+01 5.292770e-06
4.307110e+01 5.244223e-06
4.328700e+01 5.196085e-06
4.350400e+01 5.148410e-06
4.372210e+01 5.101154e-06
4.394130e+01 5.054335e-06
4.416150e+01 5.007951e-06
4.438280e+01 4.961977e-06
4.460530e+01 4.916424e-06
4.482890e+01 4.871286e-06
4.505360e+01 4.826558e-06
4.527950e+01 4.782230e-06
4.550640e+01 4.738312e-06
4.573450e+01 4.694794e-06
4.596370e+01 4.651675e-06
4.619410e+01 4.608941e-06
4.642570e+01 4.566602e-06
4.665840e+01 4.524643e-06
4.689230e+01 4.483073e-06
4.712730e+01 4.441872e-06
4.736360e+01 4.401050e-06
4.760100e+01 4.360602e-06
4.783960e+01 4.320519e-06
4.807940e+01 4.280810e-06
4.832040e+01 4.241454e-06
4.856260e+01 4.202458e-06
4.880600e+01 4.163815e-06
4.905060e+01 4.125525e-06
4.929650e+01 4.087585e-06
4.954360e+01 4.049993e-06
4.979200e+01 4.012739e-06
5.004150e+01 3.975834e-06
5.029240e+01 3.939257e-06
5.054450e+01 3.903008e-06
5.079780e+01 3.867098e-06
5.105240e+01 3.831510e-06
5.130840e+01 3.796251e-06
5.156550e+01 3.761309e-06
5.182400e+01 3.726685e-06
5.208370e+01 3.692389e-06
5.234480e+01 3.658396e-06
5.260720e+01 3.624710e-06
5.287090e+01 3.591332e-06
5.313590e+01 3.558262e-06
5.340230e+01 3.525489e-06
5.367000e+01 3.493018e-06
5.393900e+01 3.460844e-06
5.420940e+01 3.428963e-06
5.448100e+01 3.397379e-06
5.475410e+01 3.366072e-06
5.502860e+01 3.335058e-06
5.530440e+01 3.304325e-06
5.558170e+01 3.273869e-06
5.586030e+01 3.243695e-06
5.614030e+01 3.213792e-06
5.642170e+01 3.184167e-06
5.670450e+01 3.154813e-06
5.698870e+01 3.125725e-06
5.727440e+01 3.096900e-06
5.756150e+01 3.068340e-06
5.785000e+01 3.040037e-06
5.814000e+01 3.011996e-06
5.843140e+01 2.984211e-06
5.872430e+01 2.956682e-06
5.901860e+01 2.929404e-06
5.931450e+01 2.902373e-06
5.961180e+01 2.875592e-06
5.991060e+01 2.849053e-06
6.021090e+01 2.822754e-06
6.051270e+01 2.796697e-06
6.081600e+01 2.770880e-06
6.112090e+01 2.745299e-06
6.142730e+01 2.719949e-06
6.173510e+01 2.694835e-06
6.204460e+01 2.669946e-06
6.235560e+01 2.645288e-06
6.266810e+01 2.620850e-06
6.298230e+01 2.596643e-06
6.329800e+01 2.572652e-06
6.361530e+01 2.548880e-06
6.393420e+01 2.525325e-06
6.425460e+01 2.501994e-06
6.457670e+01 2.478869e-06
6.490040e+01 2.455954e-06
6.522570e+01 2.433249e-06
6.555260e+01 2.410754e-06
6.588120e+01 2.388465e-06
6.621150e+01 2.366380e-06
6.654340e+01 2.344495e-06
6.687690e+01 2.322816e-06
6.721210e+01 2.301326e-06
6.754900e+01 2.280036e-06
6.788760e+01 2.258946e-06
6.822790e+01 2.238040e-06
6.856990e+01 2.217334e-06
6.891360e+01 2.196813e-06
6.925900e+01 2.176477e-06
6.960620e+01 2.156335e-06
6.995510e+01 2.136373e-06
7.030570e+01 2.116595e-06
7.065810e+01 2.096997e-06
7.101230e+01 2.077578e-06
7.136830e+01 2.058339e-06
7.172600e+01 2.039273e-06
7.208560e+01 2.020383e-06
7.244690e+01 2.001666e-06
7.281000e+01 1.983124e-06
7.317490e+01 1.964746e-06
7.354170e+01 1.946537e-06
7.391040e+01 1.928497e-06
7.428090e+01 1.910621e-06
7.465320e+01 1.892909e-06
7.502740e+01 1.875361e-06
7.540350e+01 1.857973e-06
7.578140e+01 1.840748e-06
7.616130e+01 1.823672e-06
7.654300e+01 1.806760e-06
7.692670e+01 1.789996e-06
7.731230e+01 1.773392e-06
7.769990e+01 1.756936e-06
7.808930e+01 1.740634e-06
7.848080e+01 1.724481e-06
7.887420e+01 1.708476e-06
7.926950e+01 1.692620e-06
7.966680e+01 1.676908e-06
8.006620e+01 1.661333e-06
8.046750e+01 1.645908e-06
8.087080e+01 1.630626e-06
8.127620e+01 1.615478e-06
8.168360e+01 1.600473e-06
8.209310e+01 1.585606e-06
8.250450e+01 1.570878e-06
8.291810e+01 1.556278e-06
8.333370e+01 1.541816e-06
8.375140e+01 1.527488e-06
8.417120e+01 1.513288e-06
8.459320e+01 1.499221e-06
8.501720e+01 1.485277e-06
8.544340e+01 1.471466e-06
8.587160e+01 1.457784e-06
8.630200e+01 1.444225e-06
8.673460e+01 1.430793e-06
8.716940e+01 1.417480e-06
8.760630e+01 1.404290e-06
8.804540e+01 1.391228e-06
8.848680e+01 1.378278e-06
8.893030e+01 1.365452e-06
8.937610e+01 1.352733e-06
8.982410e+01 1.340143e-06
9.027440e+01 1.327660e-06
9.072680e+01 1.315300e-06
9.118170e+01 1.303048e-06
9.163870e+01 1.290914e-06
9.209790e+01 1.278887e-06
9.255970e+01 1.266968e-06
9.302360e+01 1.255162e-06
9.348990e+01 1.243464e-06
9.395850e+01 1.231878e-06
9.442960e+01 1.220390e-06
9.490280e+01 1.209014e-06
9.537840e+01 1.197741e-06
9.585660e+01 1.186571e-06
9.633700e+01 1.175503e-06
9.682000e+01 1.164537e-06
9.730530e+01 1.153675e-06
9.779310e+01 1.142904e-06
9.828320e+01 1.132241e-06
9.877600e+01 1.121670e-06
9.927100e+01 1.111202e-06
9.976850e+01 1.100826e-06
1.002690e+02 1.090548e-06
