9.908210e-06 1.000000e+00
9.957880e-06 1.000000e+00
1.000780e-05 1.000000e+00
1.005800e-05 1.000000e+00
1.010840e-05 1.000000e+00
1.015900e-05 1.000000e+00
1.021000e-05 1.000000e+00
1.026110e-05 1.000000e+00
1.031260e-05 1.000000e+00
1.036430e-05 1.000000e+00
1.041620e-05 1.000000e+00
1.046840e-05 1.000000e+00
1.052090e-05 1.000000e+00
1.057360e-05 1.000000e+00
1.062660e-05 1.000000e+00
1.067990e-05 1.000000e+00
1.073340e-05 1.000000e+00
1.078720e-05 1.000000e+00
1.084130e-05 1.000000e+00
1.089570e-05 1.000000e+00
1.095030e-05 1.000000e+00
1.100520e-05 1.000000e+00
1.106030e-05 1.000000e+00
1.111580e-05 1.000000e+00
1.117150e-05 1.000000e+00
1.122750e-05 1.000000e+00
1.128380e-05 1.000000e+00
1.134030e-05 1.000000e+00
1.139720e-05 1.000000e+00
1.145430e-05 1.000000e+00
1.151170e-05 1.000000e+00
1.156940e-05 1.000000e+00
1.162740e-05 1.000000e+00
1.168570e-05 1.000000e+00
1.174430e-05 1.000000e+00
1.180310e-05 1.000000e+00
1.186230e-05 1.000000e+00
1.192170e-05 1.000000e+00
1.198150e-05 1.000000e+00
1.204160e-05 1.000000e+00
1.210190e-05 1.000000e+00
1.216260e-05 1.000000e+00
1.222350e-05 1.000000e+00
1.228480e-05 1.000000e+00
1.234640e-05 1.000000e+00
1.240830e-05 1.000000e+00
1.247050e-05 1.000000e+00
1.253300e-05 1.000000e+00
1.259580e-05 1.000000e+00
1.265890e-05 1.000000e+00
1.272240e-05 1.000000e+00
1.278620e-05 1.000000e+00
1.285030e-05 1.000000e+00
1.291470e-05 1.000000e+00
1.297940e-05 1.000000e+00
1.304450e-05 1.000000e+00
1.310990e-05 1.000000e+00
1.317560e-05 1.000000e+00
1.324160e-05 1.000000e+00
1.330800e-05 1.000000e+00
1.337470e-05 1.000000e+00
1.344170e-05 1.000000e+00
1.350910e-05 1.000000e+00
1.357680e-05 1.000000e+00
1.364490e-05 1.000000e+00
1.371330e-05 1.000000e+00
1.378200e-05 1.000000e+00
1.385110e-05 1.000000e+00
1.392050e-05 1.000000e+00
1.399030e-05 1.000000e+00
1.406040e-05 1.000000e+00
1.413090e-05 1.000000e+00
1.420170e-05 1.000000e+00
1.427290e-05 1.000000e+00
1.434450e-05 1.000000e+00
1.441640e-05 1.000000e+00
1.448860e-05 1.000000e+00
1.456130e-05 1.000000e+00
1.463420e-05 1.000000e+00
1.470760e-05 1.000000e+00
1.478130e-05 1.000000e+00
1.485540e-05 1.000000e+00
1.492990e-05 1.000000e+00
1.500470e-05 1.000000e+00
1.507990e-05 1.000000e+00
1.515550e-05 1.000000e+00
1.523150e-05 1.000000e+00
1.530780e-05 1.000000e+00
1.538460e-05 1.000000e+00
1.546170e-05 1.000000e+00
1.553920e-05 1.000000e+00
1.561710e-05 1.000000e+00
1.569530e-05 1.000000e+00
1.577400e-05 1.000000e+00
1.585310e-05 1.000000e+00
1.593250e-05 1.000000e+00
1.601240e-05 1.000000e+00
1.609270e-05 1.000000e+00
1.617330e-05 1.000000e+00
1.625440e-05 1.000000e+00
1.633590e-05 1.000000e+00
1.641780e-05 1.000000e+00
1.650010e-05 1.000000e+00
1.658280e-05 1.000000e+00
1.666590e-05 1.000000e+00
1.674940e-05 1.000000e+00
1.683340e-05 9.999949e-01
1.691780e-05 9.999949e-01
1.700260e-05 9.999949e-01
1.708780e-05 9.999949e-01
1.717340e-05 9.999949e-01
1.725950e-05 9.999949e-01
1.734600e-05 9.999949e-01
1.743300e-05 9.999949e-01
1.752040e-05 9.999949e-01
1.760820e-05 9.999949e-01
1.769640e-05 9.999949e-01
1.778520e-05 9.999949e-01
1.787430e-05 9.999949e-01
1.796390e-05 9.999949e-01
1.805390e-05 9.999949e-01
1.814440e-05 9.999949e-01
1.823540e-05 9.999949e-01
1.832680e-05 9.999949e-01
1.841870e-05 9.999949e-01
1.851100e-05 9.999949e-01
1.860380e-05 9.999949e-01
1.869700e-05 9.999949e-01
1.879070e-05 9.999949e-01
1.888490e-05 9.999949e-01
1.897960e-05 9.999949e-01
1.907470e-05 9.999949e-01
1.917030e-05 9.999949e-01
1.926640e-05 9.999949e-01
1.936300e-05 9.999949e-01
1.946010e-05 9.999949e-01
1.955760e-05 9.999949e-01
1.965560e-05 9.999949e-01
1.975420e-05 9.999949e-01
1.985320e-05 9.999949e-01
1.995270e-05 9.999949e-01
2.005270e-05 9.999949e-01
2.015320e-05 9.999949e-01
2.025420e-05 9.999949e-01
2.035580e-05 9.999949e-01
2.045780e-05 9.999949e-01
2.056030e-05 9.999949e-01
2.066340e-05 9.999949e-01
2.076700e-05 9.999949e-01
2.087110e-05 9.999949e-01
2.097570e-05 9.999949e-01
2.108080e-05 9.999949e-01
2.118650e-05 9.999949e-01
2.129270e-05 9.999949e-01
2.139940e-05 9.999949e-01
2.150670e-05 9.999949e-01
2.161450e-05 9.999949e-01
2.172280e-05 9.999949e-01
2.183170e-05 9.999949e-01
2.194120e-05 9.999949e-01
2.205110e-05 9.999949e-01
2.216170e-05 9.999949e-01
2.227280e-05 9.999949e-01
2.238440e-05 9.999949e-01
2.249660e-05 9.999949e-01
2.260940e-05 9.999949e-01
2.272270e-05 9.999949e-01
2.283660e-05 9.999949e-01
2.295110e-05 9.999949e-01
2.306610e-05 9.999949e-01
2.318170e-05 9.999949e-01
2.329790e-05 9.999949e-01
2.341470e-05 9.999949e-01
2.353210e-05 9.999949e-01
2.365000e-05 9.999949e-01
2.376860e-05 9.999949e-01
2.388770e-05 9.999949e-01
2.400740e-05 9.999949e-01
2.412780e-05 9.999949e-01
2.424870e-05 9.999949e-01
2.437030e-05 9.999949e-01
2.449240e-05 9.999949e-01
2.461520e-05 9.999949e-01
2.473860e-05 9.999949e-01
2.486260e-05 9.999949e-01
2.498720e-05 9.999949e-01
2.511250e-05 9.999897e-01
2.523830e-05 9.999897e-01
2.536480e-05 9.999897e-01
2.549200e-05 9.999897e-01
2.561980e-05 9.999897e-01
2.574820e-05 9.999897e-01
2.587720e-05 9.999897e-01
2.600700e-05 9.999897e-01
2.613730e-05 9.999897e-01
2.626830e-05 9.999897e-01
2.640000e-05 9.999897e-01
2.653230e-05 9.999897e-01
2.666530e-05 9.999897e-01
2.679900e-05 9.999897e-01
2.693330e-05 9.999897e-01
2.706830e-05 9.999897e-01
2.720400e-05 9.999897e-01
2.734040e-05 9.999897e-01
2.747740e-05 9.999897e-01
2.761510e-05 9.999897e-01
2.775360e-05 9.999897e-01
2.789270e-05 9.999897e-01
2.803250e-05 9.999897e-01
2.817300e-05 9.999897e-01
2.831420e-05 9.999897e-01
2.845610e-05 9.999897e-01
2.859880e-05 9.999897e-01
2.874210e-05 9.999897e-01
2.888620e-05 9.999897e-01
2.903100e-05 9.999897e-01
2.917650e-05 9.999897e-01
2.932280e-05 9.999897e-01
2.946970e-05 9.999897e-01
2.961750e-05 9.999897e-01
2.976590e-05 9.999897e-01
2.991510e-05 9.999897e-01
3.006510e-05 9.999897e-01
3.021580e-05 9.999897e-01
3.036720e-05 9.999897e-01
3.051940e-05 9.999897e-01
3.067240e-05 9.999897e-01
3.082620e-05 9.999897e-01
3.098070e-05 9.999897e-01
3.113600e-05 9.999897e-01
3.129200e-05 9.999897e-01
3.144890e-05 9.999846e-01
3.160650e-05 9.999846e-01
3.176500e-05 9.999846e-01
3.192420e-05 9.999846e-01
3.208420e-05 9.999846e-01
3.224500e-05 9.999846e-01
3.240670e-05 9.999846e-01
3.256910e-05 9.999846e-01
3.273240e-05 9.999846e-01
3.289640e-05 9.999846e-01
3.306130e-05 9.999846e-01
3.322700e-05 9.999846e-01
3.339360e-05 9.999846e-01
3.356100e-05 9.999846e-01
3.372920e-05 9.999846e-01
3.389830e-05 9.999846e-01
3.406820e-05 9.999846e-01
3.423900e-05 9.999846e-01
3.441060e-05 9.999846e-01
3.458310e-05 9.999846e-01
3.475640e-05 9.999846e-01
3.493060e-05 9.999846e-01
3.510570e-05 9.999846e-01
3.528170e-05 9.999846e-01
3.545850e-05 9.999846e-01
3.563630e-05 9.999846e-01
3.581490e-05 9.999846e-01
3.599440e-05 9.999846e-01
3.617480e-05 9.999846e-01
3.635620e-05 9.999846e-01
3.653840e-05 9.999795e-01
3.672160e-05 9.999795e-01
3.690560e-05 9.999795e-01
3.709060e-05 9.999795e-01
3.727650e-05 9.999795e-01
3.746340e-05 9.999795e-01
3.765120e-05 9.999795e-01
3.783990e-05 9.999795e-01
3.802960e-05 9.999795e-01
3.822020e-05 9.999795e-01
3.841180e-05 9.999795e-01
3.860430e-05 9.999795e-01
3.879780e-05 9.999795e-01
3.899230e-05 9.999795e-01
3.918770e-05 9.999795e-01
3.938420e-05 9.999795e-01
3.958160e-05 9.999795e-01
3.978000e-05 9.999795e-01
3.997940e-05 9.999795e-01
4.017980e-05 9.999795e-01
4.038120e-05 9.999795e-01
4.058360e-05 9.999795e-01
4.078700e-05 9.999795e-01
4.099150e-05 9.999795e-01
4.119690e-05 9.999744e-01
4.140340e-05 9.999744e-01
4.161100e-05 9.999744e-01
4.181960e-05 9.999744e-01
4.202920e-05 9.999744e-01
4.223980e-05 9.999744e-01
4.245160e-05 9.999744e-01
4.266440e-05 9.999744e-01
4.287820e-05 9.999744e-01
4.309310e-05 9.999744e-01
4.330920e-05 9.999744e-01
4.352620e-05 9.999744e-01
4.374440e-05 9.999744e-01
4.396370e-05 9.999744e-01
4.418410e-05 9.999744e-01
4.440550e-05 9.999744e-01
4.462810e-05 9.999744e-01
4.485180e-05 9.999744e-01
4.507660e-05 9.999744e-01
4.530260e-05 9.999692e-01
4.552970e-05 9.999692e-01
4.575790e-05 9.999692e-01
4.598720e-05 9.999692e-01
4.621770e-05 9.999692e-01
4.644940e-05 9.999692e-01
4.668220e-05 9.999692e-01
4.691620e-05 9.999692e-01
4.715140e-05 9.999692e-01
4.738780e-05 9.999692e-01
4.762530e-05 9.999692e-01
4.786400e-05 9.999692e-01
4.810390e-05 9.999692e-01
4.834510e-05 9.999692e-01
4.858740e-05 9.999692e-01
4.883090e-05 9.999692e-01
4.907570e-05 9.999641e-01
4.932170e-05 9.999641e-01
4.956890e-05 9.999641e-01
4.981740e-05 9.999641e-01
5.006710e-05 9.999641e-01
5.031810e-05 9.999641e-01
5.057030e-05 9.999641e-01
5.082380e-05 9.999641e-01
5.107850e-05 9.999641e-01
5.133450e-05 9.999641e-01
5.159190e-05 9.999641e-01
5.185050e-05 9.999641e-01
5.211040e-05 9.999641e-01
5.237160e-05 9.999641e-01
5.263410e-05 9.999590e-01
5.289790e-05 9.999590e-01
5.316310e-05 9.999590e-01
5.342960e-05 9.999590e-01
5.369740e-05 9.999590e-01
5.396650e-05 9.999590e-01
5.423700e-05 9.999590e-01
5.450890e-05 9.999590e-01
5.478210e-05 9.999590e-01
5.505670e-05 9.999590e-01
5.533270e-05 9.999590e-01
5.561000e-05 9.999590e-01
5.588880e-05 9.999539e-01
5.616890e-05 9.999539e-01
5.645050e-05 9.999539e-01
5.673350e-05 9.999539e-01
5.701780e-05 9.999539e-01
5.730360e-05 9.999539e-01
5.759090e-05 9.999539e-01
5.787950e-05 9.999539e-01
5.816970e-05 9.999539e-01
5.846120e-05 9.999539e-01
5.875430e-05 9.999539e-01
5.904880e-05 9.999487e-01
5.934480e-05 9.999487e-01
5.964220e-05 9.999487e-01
5.994120e-05 9.999487e-01
6.024160e-05 9.999487e-01
6.054360e-05 9.999487e-01
6.084710e-05 9.999487e-01
6.115210e-05 9.999487e-01
6.145860e-05 9.999487e-01
6.176670e-05 9.999487e-01
6.207630e-05 9.999436e-01
6.238740e-05 9.999436e-01
6.270020e-05 9.999436e-01
6.301440e-05 9.999436e-01
6.333030e-05 9.999436e-01
6.364770e-05 9.999436e-01
6.396680e-05 9.999436e-01
6.428740e-05 9.999436e-01
6.460970e-05 9.999385e-01
6.493350e-05 9.999385e-01
6.525900e-05 9.999385e-01
6.558610e-05 9.999385e-01
6.591490e-05 9.999385e-01
6.624530e-05 9.999385e-01
6.657730e-05 9.999385e-01
6.691100e-05 9.999385e-01
6.724640e-05 9.999385e-01
6.758350e-05 9.999334e-01
6.792230e-05 9.999334e-01
6.826270e-05 9.999334e-01
6.860490e-05 9.999334e-01
6.894880e-05 9.999334e-01
6.929440e-05 9.999334e-01
6.964170e-05 9.999334e-01
6.999080e-05 9.999282e-01
7.034160e-05 9.999282e-01
7.069420e-05 9.999282e-01
7.104860e-05 9.999282e-01
7.140470e-05 9.999282e-01
7.176260e-05 9.999282e-01
7.212230e-05 9.999282e-01
7.248390e-05 9.999231e-01
7.284720e-05 9.999231e-01
7.321230e-05 9.999231e-01
7.357930e-05 9.999231e-01
7.394810e-05 9.999231e-01
7.431880e-05 9.999231e-01
7.469130e-05 9.999231e-01
7.506570e-05 9.999180e-01
7.544200e-05 9.999180e-01
7.582010e-05 9.999180e-01
7.620020e-05 9.999180e-01
7.658210e-05 9.999180e-01
7.696600e-05 9.999180e-01
7.735180e-05 9.999129e-01
7.773950e-05 9.999129e-01
7.812920e-05 9.999129e-01
7.852080e-05 9.999129e-01
7.891440e-05 9.999129e-01
7.931000e-05 9.999129e-01
7.970750e-05 9.999077e-01
8.010710e-05 9.999077e-01
8.050860e-05 9.999077e-01
8.091210e-05 9.999077e-01
8.131770e-05 9.999077e-01
8.172530e-05 9.999026e-01
8.213500e-05 9.999026e-01
8.254670e-05 9.999026e-01
8.296040e-05 9.999026e-01
8.337630e-05 9.999026e-01
8.379420e-05 9.998975e-01
8.421420e-05 9.998975e-01
8.463640e-05 9.998975e-01
8.506060e-05 9.998975e-01
8.548700e-05 9.998975e-01
8.591550e-05 9.998923e-01
8.634610e-05 9.998923e-01
8.677890e-05 9.998923e-01
8.721390e-05 9.998923e-01
8.765110e-05 9.998923e-01
8.809040e-05 9.998872e-01
8.853200e-05 9.998872e-01
8.897580e-05 9.998872e-01
8.942170e-05 9.998872e-01
8.987000e-05 9.998821e-01
9.032040e-05 9.998821e-01
9.077320e-05 9.998821e-01
9.122820e-05 9.998821e-01
9.168550e-05 9.998821e-01
9.214500e-05 9.998770e-01
9.260690e-05 9.998770e-01
9.307110e-05 9.998770e-01
9.353760e-05 9.998770e-01
9.400650e-05 9.998718e-01
9.447770e-05 9.998718e-01
9.495130e-05 9.998718e-01
9.542720e-05 9.998718e-01
9.590560e-05 9.998667e-01
9.638630e-05 9.998667e-01
9.686940e-05 9.998667e-01
9.735500e-05 9.998667e-01
9.784300e-05 9.998616e-01
9.833340e-05 9.998616e-01
9.882630e-05 9.998616e-01
9.932170e-05 9.998565e-01
9.981950e-05 9.998565e-01
1.003200e-04 9.998565e-01
1.008230e-04 9.998565e-01
1.013280e-04 9.998513e-01
1.018360e-04 9.998513e-01
1.023460e-04 9.998513e-01
1.028590e-04 9.998462e-01
1.033750e-04 9.998462e-01
1.038930e-04 9.998462e-01
1.044140e-04 9.998462e-01
1.049370e-04 9.998411e-01
1.054630e-04 9.998411e-01
1.059920e-04 9.998411e-01
1.065230e-04 9.998360e-01
1.070570e-04 9.998360e-01
1.075940e-04 9.998360e-01
1.081330e-04 9.998308e-01
1.086750e-04 9.998308e-01
1.092200e-04 9.998308e-01
1.097670e-04 9.998257e-01
1.103180e-04 9.998257e-01
1.108710e-04 9.998257e-01
1.114260e-04 9.998206e-01
1.119850e-04 9.998206e-01
1.125460e-04 9.998206e-01
1.131100e-04 9.998154e-01
1.136770e-04 9.998154e-01
1.142470e-04 9.998154e-01
1.148200e-04 9.998103e-01
1.153950e-04 9.998103e-01
1.159740e-04 9.998052e-01
1.165550e-04 9.998052e-01
1.171390e-04 9.998052e-01
1.177260e-04 9.998001e-01
1.183170e-04 9.998001e-01
1.189100e-04 9.997949e-01
1.195060e-04 9.997949e-01
1.201050e-04 9.997949e-01
1.207070e-04 9.997898e-01
1.213120e-04 9.997898e-01
1.219200e-04 9.997847e-01
1.225310e-04 9.997847e-01
1.231450e-04 9.997847e-01
1.237620e-04 9.997796e-01
1.243830e-04 9.997796e-01
1.250060e-04 9.997744e-01
1.256330e-04 9.997744e-01
1.262630e-04 9.997693e-01
1.268960e-04 9.997693e-01
1.275320e-04 9.997642e-01
1.281710e-04 9.997642e-01
1.288130e-04 9.997642e-01
1.294590e-04 9.997591e-01
1.301080e-04 9.997591e-01
1.307600e-04 9.997539e-01
1.314150e-04 9.997539e-01
1.320740e-04 9.997488e-01
1.327360e-04 9.997488e-01
1.334020e-04 9.997437e-01
1.340700e-04 9.997437e-01
1.347420e-04 9.997386e-01
1.354180e-04 9.997386e-01
1.360960e-04 9.997334e-01
1.367790e-04 9.997334e-01
1.374640e-04 9.997283e-01
1.381530e-04 9.997283e-01
1.388460e-04 9.997232e-01
1.395420e-04 9.997232e-01
1.402410e-04 9.997180e-01
1.409440e-04 9.997129e-01
1.416510e-04 9.997129e-01
1.423610e-04 9.997078e-01
1.430740e-04 9.997078e-01
1.437910e-04 9.997027e-01
1.445120e-04 9.997027e-01
1.452370e-04 9.996975e-01
1.459650e-04 9.996924e-01
1.466960e-04 9.996924e-01
1.474320e-04 9.996873e-01
1.481710e-04 9.996873e-01
1.489130e-04 9.996822e-01
1.496600e-04 9.996770e-01
1.504100e-04 9.996770e-01
1.511640e-04 9.996719e-01
1.519210e-04 9.996668e-01
1.526830e-04 9.996668e-01
1.534480e-04 9.996617e-01
1.542170e-04 9.996617e-01
1.549910e-04 9.996565e-01
1.557670e-04 9.996514e-01
1.565480e-04 9.996463e-01
1.573330e-04 9.996463e-01
1.581220e-04 9.996412e-01
1.589140e-04 9.996360e-01
1.597110e-04 9.996360e-01
1.605110e-04 9.996309e-01
1.613160e-04 9.996258e-01
1.621240e-04 9.996258e-01
1.629370e-04 9.996206e-01
1.637540e-04 9.996155e-01
1.645750e-04 9.996104e-01
1.654000e-04 9.996104e-01
1.662290e-04 9.996053e-01
1.670620e-04 9.996001e-01
1.678990e-04 9.995950e-01
1.687410e-04 9.995899e-01
1.695870e-04 9.995899e-01
1.704370e-04 9.995848e-01
1.712910e-04 9.995796e-01
1.721500e-04 9.995745e-01
1.730130e-04 9.995694e-01
1.738800e-04 9.995694e-01
1.747510e-04 9.995643e-01
1.756270e-04 9.995591e-01
1.765080e-04 9.995540e-01
1.773920e-04 9.995489e-01
1.782820e-04 9.995437e-01
1.791750e-04 9.995386e-01
1.800730e-04 9.995335e-01
1.809760e-04 9.995335e-01
1.818830e-04 9.995284e-01
1.827950e-04 9.995232e-01
1.837110e-04 9.995181e-01
1.846320e-04 9.995130e-01
1.855570e-04 9.995079e-01
1.864870e-04 9.995027e-01
1.874220e-04 9.994976e-01
1.883620e-04 9.994925e-01
1.893060e-04 9.994874e-01
1.902550e-04 9.994822e-01
1.912080e-04 9.994771e-01
1.921670e-04 9.994720e-01
1.931300e-04 9.994669e-01
1.940980e-04 9.994617e-01
1.950710e-04 9.994566e-01
1.960490e-04 9.994515e-01
1.970320e-04 9.994463e-01
1.980190e-04 9.994412e-01
1.990120e-04 9.994361e-01
2.000090e-04 9.994310e-01
2.010120e-04 9.994207e-01
2.020190e-04 9.994156e-01
2.030320e-04 9.994105e-01
2.040500e-04 9.994053e-01
2.050730e-04 9.994002e-01
2.061000e-04 9.993951e-01
2.071340e-04 9.993900e-01
2.081720e-04 9.993797e-01
2.092150e-04 9.993746e-01
2.102640e-04 9.993695e-01
2.113180e-04 9.993643e-01
2.123770e-04 9.993592e-01
2.134420e-04 9.993489e-01
2.145120e-04 9.993438e-01
2.155870e-04 9.993387e-01
2.166670e-04 9.993284e-01
2.177540e-04 9.993233e-01
2.188450e-04 9.993182e-01
2.199420e-04 9.993131e-01
2.210440e-04 9.993028e-01
2.221520e-04 9.992977e-01
2.232660e-04 9.992926e-01
2.243850e-04 9.992823e-01
2.255100e-04 9.992772e-01
2.266400e-04 9.992669e-01
2.277760e-04 9.992618e-01
2.289180e-04 9.992515e-01
2.300650e-04 9.992464e-01
2.312190e-04 9.992413e-01
2.323780e-04 9.992310e-01
2.335420e-04 9.992259e-01
2.347130e-04 9.992157e-01
2.358900e-04 9.992105e-01
2.370720e-04 9.992003e-01
2.382600e-04 9.991952e-01
2.394550e-04 9.991849e-01
2.406550e-04 9.991746e-01
2.418610e-04 9.991695e-01
2.430740e-04 9.991593e-01
2.442920e-04 9.991541e-01
2.455160e-04 9.991439e-01
2.467470e-04 9.991336e-01
2.479840e-04 9.991285e-01
2.492270e-04 9.991183e-01
2.504760e-04 9.991080e-01
2.517320e-04 9.991029e-01
2.529930e-04 9.990926e-01
2.542620e-04 9.990824e-01
2.555360e-04 9.990721e-01
2.568170e-04 9.990670e-01
2.581040e-04 9.990567e-01
2.593980e-04 9.990465e-01
2.606980e-04 9.990362e-01
2.620050e-04 9.990260e-01
2.633180e-04 9.990157e-01
2.646380e-04 9.990106e-01
2.659650e-04 9.990003e-01
2.672980e-04 9.989901e-01
2.686380e-04 9.989798e-01
2.699840e-04 9.989696e-01
2.713380e-04 9.989593e-01
2.726980e-04 9.989491e-01
2.740650e-04 9.989388e-01
2.754380e-04 9.989286e-01
2.768190e-04 9.989183e-01
2.782070e-04 9.989081e-01
2.796010e-04 9.988978e-01
2.810030e-04 9.988824e-01
2.824110e-04 9.988722e-01
2.838270e-04 9.988619e-01
2.852490e-04 9.988517e-01
2.866790e-04 9.988414e-01
2.881160e-04 9.988312e-01
2.895600e-04 9.988158e-01
2.910120e-04 9.988055e-01
2.924710e-04 9.987953e-01
2.939370e-04 9.987850e-01
2.954100e-04 9.987697e-01
2.968910e-04 9.987594e-01
2.983790e-04 9.987492e-01
2.998740e-04 9.987338e-01
3.013780e-04 9.987235e-01
3.028880e-04 9.987081e-01
3.044070e-04 9.986979e-01
3.059320e-04 9.986825e-01
3.074660e-04 9.986723e-01
3.090070e-04 9.986569e-01
3.105560e-04 9.986466e-01
3.121130e-04 9.986312e-01
3.136770e-04 9.986210e-01
3.152490e-04 9.986056e-01
3.168300e-04 9.985902e-01
3.184180e-04 9.985800e-01
3.200140e-04 9.985646e-01
3.216180e-04 9.985492e-01
3.232300e-04 9.985338e-01
3.248500e-04 9.985236e-01
3.264780e-04 9.985082e-01
3.281150e-04 9.984928e-01
3.297600e-04 9.984775e-01
3.314130e-04 9.984621e-01
3.330740e-04 9.984467e-01
3.347430e-04 9.984313e-01
3.364210e-04 9.984159e-01
3.381080e-04 9.984006e-01
3.398020e-04 9.983852e-01
3.415060e-04 9.983698e-01
3.432170e-04 9.983544e-01
3.449380e-04 9.983390e-01
3.466670e-04 9.983237e-01
3.484040e-04 9.983083e-01
3.501510e-04 9.982929e-01
3.519060e-04 9.982775e-01
3.536700e-04 9.982570e-01
3.554430e-04 9.982416e-01
3.572240e-04 9.982263e-01
3.590150e-04 9.982058e-01
3.608140e-04 9.981904e-01
3.626230e-04 9.981750e-01
3.644410e-04 9.981545e-01
3.662680e-04 9.981391e-01
3.681030e-04 9.981186e-01
3.699490e-04 9.981032e-01
3.718030e-04 9.980827e-01
3.736670e-04 9.980622e-01
3.755400e-04 9.980468e-01
3.774220e-04 9.980263e-01
3.793140e-04 9.980058e-01
3.812150e-04 9.979904e-01
3.831260e-04 9.979699e-01
3.850460e-04 9.979494e-01
3.869760e-04 9.979289e-01
3.889160e-04 9.979084e-01
3.908660e-04 9.978879e-01
3.928250e-04 9.978674e-01
3.947940e-04 9.978520e-01
3.967730e-04 9.978264e-01
3.987620e-04 9.978059e-01
4.007600e-04 9.977854e-01
4.027690e-04 9.977649e-01
4.047880e-04 9.977444e-01
4.068170e-04 9.977239e-01
4.088560e-04 9.977034e-01
4.109060e-04 9.976777e-01
4.129650e-04 9.976572e-01
4.150350e-04 9.976367e-01
4.171160e-04 9.976111e-01
4.192070e-04 9.975906e-01
4.213080e-04 9.975650e-01
4.234200e-04 9.975444e-01
4.255420e-04 9.975188e-01
4.276750e-04 9.974983e-01
4.298190e-04 9.974727e-01
4.319730e-04 9.974470e-01
4.341390e-04 9.974265e-01
4.363150e-04 9.974009e-01
4.385020e-04 9.973753e-01
4.407000e-04 9.973496e-01
4.429090e-04 9.973240e-01
4.451290e-04 9.972984e-01
4.473600e-04 9.972727e-01
4.496020e-04 9.972471e-01
4.518560e-04 9.972215e-01
4.541210e-04 9.971958e-01
4.563970e-04 9.971702e-01
4.586850e-04 9.971446e-01
4.609840e-04 9.971138e-01
4.632950e-04 9.970882e-01
4.656170e-04 9.970626e-01
4.679510e-04 9.970318e-01
4.702970e-04 9.970062e-01
4.726540e-04 9.969754e-01
4.750230e-04 9.969498e-01
4.774040e-04 9.969190e-01
4.797970e-04 9.968934e-01
4.822020e-04 9.968626e-01
4.846190e-04 9.968319e-01
4.870490e-04 9.968011e-01
4.894900e-04 9.967755e-01
4.919440e-04 9.967447e-01
4.944090e-04 9.967140e-01
4.968880e-04 9.966832e-01
4.993780e-04 9.966524e-01
5.018810e-04 9.966217e-01
5.043970e-04 9.965858e-01
5.069250e-04 9.965550e-01
5.094660e-04 9.965243e-01
5.120200e-04 9.964935e-01
5.145870e-04 9.964576e-01
5.171660e-04 9.964269e-01
5.197580e-04 9.963910e-01
5.223640e-04 9.963602e-01
5.249820e-04 9.963244e-01
5.276130e-04 9.962936e-01
5.302580e-04 9.962577e-01
5.329160e-04 9.962218e-01
5.355870e-04 9.961859e-01
5.382720e-04 9.961501e-01
5.409700e-04 9.961142e-01
5.436820e-04 9.960783e-01
5.464070e-04 9.960424e-01
5.491460e-04 9.960065e-01
5.518980e-04 9.959706e-01
5.546650e-04 9.959348e-01
5.574450e-04 9.958937e-01
5.602390e-04 9.958579e-01
5.630470e-04 9.958220e-01
5.658700e-04 9.957810e-01
5.687060e-04 9.957451e-01
5.715570e-04 9.957041e-01
5.744220e-04 9.956631e-01
5.773010e-04 9.956220e-01
5.801950e-04 9.955862e-01
5.831030e-04 9.955451e-01
5.860260e-04 9.955041e-01
5.889630e-04 9.954631e-01
5.919150e-04 9.954221e-01
5.948820e-04 9.953811e-01
5.978640e-04 9.953350e-01
6.008610e-04 9.952939e-01
6.038730e-04 9.952529e-01
6.069000e-04 9.952068e-01
6.099420e-04 9.951658e-01
6.129990e-04 9.951197e-01
6.160720e-04 9.950786e-01
6.191600e-04 9.950325e-01
6.222640e-04 9.949864e-01
6.253830e-04 9.949402e-01
6.285180e-04 9.948941e-01
6.316680e-04 9.948480e-01
6.348340e-04 9.948018e-01
6.380160e-04 9.947557e-01
6.412140e-04 9.947095e-01
6.444280e-04 9.946634e-01
6.476590e-04 9.946121e-01
6.509050e-04 9.945660e-01
6.541680e-04 9.945147e-01
6.574470e-04 9.944686e-01
6.607420e-04 9.944173e-01
6.640540e-04 9.943661e-01
6.673830e-04 9.943148e-01
6.707280e-04 9.942635e-01
6.740900e-04 9.942123e-01
6.774690e-04 9.941610e-01
6.808650e-04 9.941097e-01
6.842780e-04 9.940585e-01
6.877080e-04 9.940072e-01
6.911550e-04 9.939508e-01
6.946190e-04 9.938996e-01
6.981010e-04 9.938432e-01
7.016000e-04 9.937868e-01
7.051170e-04 9.937355e-01
7.086520e-04 9.936791e-01
7.122040e-04 9.936227e-01
7.157740e-04 9.935663e-01
7.193610e-04 9.935100e-01
7.229670e-04 9.934536e-01
7.265910e-04 9.933920e-01
7.302330e-04 9.933357e-01
7.338930e-04 9.932793e-01
7.375720e-04 9.932177e-01
7.412690e-04 9.931562e-01
7.449850e-04 9.930998e-01
7.487190e-04 9.930383e-01
7.524720e-04 9.929768e-01
7.562440e-04 9.929153e-01
7.600340e-04 9.928538e-01
7.638440e-04 9.927923e-01
7.676730e-04 9.927256e-01
7.715210e-04 9.926641e-01
7.753880e-04 9.926026e-01
7.792750e-04 9.925359e-01
7.831810e-04 9.924693e-01
7.871070e-04 9.924078e-01
7.910520e-04 9.923411e-01
7.950170e-04 9.922745e-01
7.990020e-04 9.922078e-01
8.030070e-04 9.921361e-01
8.070330e-04 9.920694e-01
8.110780e-04 9.920028e-01
8.151430e-04 9.919310e-01
8.192290e-04 9.918644e-01
8.233360e-04 9.917926e-01
8.274620e-04 9.917208e-01
8.316100e-04 9.916491e-01
8.357790e-04 9.915773e-01
8.399680e-04 9.915055e-01
8.441780e-04 9.914338e-01
8.484100e-04 9.913620e-01
8.526630e-04 9.912851e-01
8.569370e-04 9.912133e-01
8.612320e-04 9.911364e-01
8.655490e-04 9.910595e-01
8.698880e-04 9.909878e-01
8.742480e-04 9.909109e-01
8.786300e-04 9.908340e-01
8.830340e-04 9.907519e-01
8.874600e-04 9.906750e-01
8.919090e-04 9.905982e-01
8.963800e-04 9.905161e-01
9.008730e-04 9.904341e-01
9.053880e-04 9.903572e-01
9.099270e-04 9.902752e-01
9.144880e-04 9.901932e-01
9.190710e-04 9.901111e-01
9.236780e-04 9.900240e-01
9.283080e-04 9.899420e-01
9.329620e-04 9.898548e-01
9.376380e-04 9.897728e-01
9.423380e-04 9.896856e-01
9.470610e-04 9.895985e-01
9.518090e-04 9.895113e-01
9.565790e-04 9.894242e-01
9.613740e-04 9.893371e-01
9.661930e-04 9.892448e-01
9.710360e-04 9.891576e-01
9.759030e-04 9.890654e-01
9.807950e-04 9.889782e-01
9.857120e-04 9.888859e-01
9.906530e-04 9.887937e-01
9.956180e-04 9.887014e-01
1.000610e-03 9.886040e-01
1.005620e-03 9.885117e-01
1.010670e-03 9.884143e-01
1.015730e-03 9.883220e-01
1.020820e-03 9.882246e-01
1.025940e-03 9.881272e-01
1.031080e-03 9.880298e-01
1.036250e-03 9.879324e-01
1.041440e-03 9.878299e-01
1.046660e-03 9.877325e-01
1.051910e-03 9.876300e-01
1.057180e-03 9.875274e-01
1.062480e-03 9.874249e-01
1.067810e-03 9.873224e-01
1.073160e-03 9.872198e-01
1.078540e-03 9.871173e-01
1.083950e-03 9.870097e-01
1.089380e-03 9.869071e-01
1.094840e-03 9.867995e-01
1.100330e-03 9.866918e-01
1.105840e-03 9.865842e-01
1.111390e-03 9.864714e-01
1.116960e-03 9.863637e-01
1.122560e-03 9.862509e-01
1.128180e-03 9.861433e-01
1.133840e-03 9.860305e-01
1.139520e-03 9.859177e-01
1.145230e-03 9.858050e-01
1.150970e-03 9.856870e-01
1.156740e-03 9.855743e-01
1.162540e-03 9.854564e-01
1.168370e-03 9.853384e-01
1.174230e-03 9.852205e-01
1.180110e-03 9.851026e-01
1.186030e-03 9.849847e-01
1.191970e-03 9.848668e-01
1.197950e-03 9.847438e-01
1.203950e-03 9.846207e-01
1.209990e-03 9.844977e-01
1.216050e-03 9.843747e-01
1.222150e-03 9.842516e-01
1.228270e-03 9.841235e-01
1.234430e-03 9.840005e-01
1.240620e-03 9.838723e-01
1.246840e-03 9.837441e-01
1.253080e-03 9.836160e-01
1.259370e-03 9.834827e-01
1.265680e-03 9.833545e-01
1.272020e-03 9.832212e-01
1.278400e-03 9.830879e-01
1.284810e-03 9.829547e-01
1.291250e-03 9.828214e-01
1.297720e-03 9.826881e-01
1.304220e-03 9.825497e-01
1.310760e-03 9.824164e-01
1.317330e-03 9.822780e-01
1.323940e-03 9.821344e-01
1.330570e-03 9.819960e-01
1.337240e-03 9.818576e-01
1.343940e-03 9.817141e-01
1.350680e-03 9.815705e-01
1.357450e-03 9.814270e-01
1.364250e-03 9.812834e-01
1.371090e-03 9.811348e-01
1.377970e-03 9.809912e-01
1.384870e-03 9.808426e-01
1.391810e-03 9.806939e-01
1.398790e-03 9.805401e-01
1.405800e-03 9.803915e-01
1.412850e-03 9.802377e-01
1.419930e-03 9.800890e-01
1.427050e-03 9.799352e-01
1.434200e-03 9.797763e-01
1.441390e-03 9.796225e-01
1.448620e-03 9.794636e-01
1.455880e-03 9.793047e-01
1.463170e-03 9.791457e-01
1.470510e-03 9.789868e-01
1.477880e-03 9.788228e-01
1.485290e-03 9.786639e-01
1.492730e-03 9.784998e-01
1.500220e-03 9.783358e-01
1.507740e-03 9.781666e-01
1.515290e-03 9.780025e-01
1.522890e-03 9.778334e-01
1.530520e-03 9.776642e-01
1.538190e-03 9.774950e-01
1.545900e-03 9.773207e-01
1.553650e-03 9.771516e-01
1.561440e-03 9.769773e-01
1.569270e-03 9.768030e-01
1.577130e-03 9.766235e-01
1.585040e-03 9.764492e-01
1.592980e-03 9.762698e-01
1.600970e-03 9.760904e-01
1.608990e-03 9.759110e-01
1.617060e-03 9.757264e-01
1.625160e-03 9.755470e-01
1.633310e-03 9.753624e-01
1.641500e-03 9.751779e-01
1.649720e-03 9.749882e-01
1.657990e-03 9.747985e-01
1.666310e-03 9.746140e-01
1.674660e-03 9.744192e-01
1.683050e-03 9.742295e-01
1.691490e-03 9.740347e-01
1.699970e-03 9.738450e-01
1.708490e-03 9.736451e-01
1.717050e-03 9.734503e-01
1.725660e-03 9.732504e-01
1.734310e-03 9.730555e-01
1.743000e-03 9.728505e-01
1.751740e-03 9.726506e-01
1.760520e-03 9.724506e-01
1.769340e-03 9.722456e-01
1.778210e-03 9.720405e-01
1.787130e-03 9.718303e-01
1.796080e-03 9.716202e-01
1.805090e-03 9.714151e-01
1.814140e-03 9.711998e-01
1.823230e-03 9.709896e-01
1.832370e-03 9.707743e-01
1.841550e-03 9.705590e-01
1.850780e-03 9.703437e-01
1.860060e-03 9.701284e-01
1.869380e-03 9.699079e-01
1.878750e-03 9.696875e-01
1.888170e-03 9.694619e-01
1.897640e-03 9.692415e-01
1.907150e-03 9.690159e-01
1.916710e-03 9.687904e-01
1.926310e-03 9.685597e-01
1.935970e-03 9.683341e-01
1.945670e-03 9.681034e-01
1.955430e-03 9.678676e-01
1.965230e-03 9.676369e-01
1.975080e-03 9.674011e-01
1.984980e-03 9.671653e-01
1.994930e-03 9.669295e-01
2.004930e-03 9.666885e-01
2.014980e-03 9.664476e-01
2.025080e-03 9.662067e-01
2.035230e-03 9.659606e-01
2.045430e-03 9.657145e-01
2.055680e-03 9.654685e-01
2.065990e-03 9.652173e-01
2.076340e-03 9.649712e-01
2.086750e-03 9.647200e-01
2.097210e-03 9.644637e-01
2.107720e-03 9.642125e-01
2.118290e-03 9.639562e-01
2.128910e-03 9.636947e-01
2.139580e-03 9.634384e-01
2.150300e-03 9.631769e-01
2.161080e-03 9.629104e-01
2.171910e-03 9.626489e-01
2.182800e-03 9.623823e-01
2.193740e-03 9.621158e-01
2.204740e-03 9.618441e-01
2.215790e-03 9.615775e-01
2.226900e-03 9.613007e-01
2.238060e-03 9.610290e-01
2.249280e-03 9.607521e-01
2.260550e-03 9.604753e-01
2.271880e-03 9.601985e-01
2.283270e-03 9.599165e-01
2.294710e-03 9.596346e-01
2.306220e-03 9.593475e-01
2.317780e-03 9.590604e-01
2.329400e-03 9.587734e-01
2.341070e-03 9.584863e-01
2.352810e-03 9.581941e-01
2.364600e-03 9.579019e-01
2.376450e-03 9.576097e-01
2.388360e-03 9.573123e-01
2.400340e-03 9.570150e-01
2.412370e-03 9.567125e-01
2.424460e-03 9.564101e-01
2.436610e-03 9.561076e-01
2.448830e-03 9.558000e-01
2.461100e-03 9.554976e-01
2.473440e-03 9.551849e-01
2.485840e-03 9.548773e-01
2.498290e-03 9.545646e-01
2.510820e-03 9.542467e-01
2.523400e-03 9.539340e-01
2.536050e-03 9.536162e-01
2.548760e-03 9.532932e-01
2.561540e-03 9.529702e-01
2.574380e-03 9.526473e-01
2.587280e-03 9.523243e-01
2.600250e-03 9.519962e-01
2.613290e-03 9.516681e-01
2.626390e-03 9.513349e-01
2.639550e-03 9.510017e-01
2.652780e-03 9.506685e-01
2.666080e-03 9.503301e-01
2.679440e-03 9.499918e-01
2.692870e-03 9.496483e-01
2.706370e-03 9.493049e-01
2.719940e-03 9.489614e-01
2.733570e-03 9.486128e-01
2.747270e-03 9.482642e-01
2.761040e-03 9.479156e-01
2.774880e-03 9.475619e-01
2.788790e-03 9.472030e-01
2.802770e-03 9.468493e-01
2.816820e-03 9.464905e-01
2.830940e-03 9.461265e-01
2.845130e-03 9.457625e-01
2.859390e-03 9.453985e-01
2.873720e-03 9.450294e-01
2.888130e-03 9.446603e-01
2.902600e-03 9.442912e-01
2.917150e-03 9.439170e-01
2.931780e-03 9.435428e-01
2.946470e-03 9.431634e-01
2.961240e-03 9.427841e-01
2.976090e-03 9.423996e-01
2.991000e-03 9.420151e-01
3.005990e-03 9.416306e-01
3.021060e-03 9.412410e-01
3.036210e-03 9.408514e-01
3.051430e-03 9.404567e-01
3.066720e-03 9.400619e-01
3.082090e-03 9.396672e-01
3.097540e-03 9.392673e-01
3.113070e-03 9.388623e-01
3.128670e-03 9.384574e-01
3.144350e-03 9.380524e-01
3.160120e-03 9.376474e-01
3.175960e-03 9.372321e-01
3.191880e-03 9.368220e-01
3.207870e-03 9.364068e-01
3.223950e-03 9.359864e-01
3.240110e-03 9.355712e-01
3.256360e-03 9.351457e-01
3.272680e-03 9.347202e-01
3.289080e-03 9.342947e-01
3.305570e-03 9.338641e-01
3.322140e-03 9.334335e-01
3.338790e-03 9.330029e-01
3.355530e-03 9.325671e-01
3.372350e-03 9.321262e-01
3.389250e-03 9.316854e-01
3.406240e-03 9.312445e-01
3.423310e-03 9.307985e-01
3.440470e-03 9.303474e-01
3.457720e-03 9.298962e-01
3.475050e-03 9.294451e-01
3.492470e-03 9.289889e-01
3.509970e-03 9.285326e-01
3.527570e-03 9.280712e-01
3.545250e-03 9.276099e-01
3.563020e-03 9.271434e-01
3.580880e-03 9.266769e-01
3.598830e-03 9.262103e-01
3.616870e-03 9.257336e-01
3.635000e-03 9.252620e-01
3.653220e-03 9.247852e-01
3.671530e-03 9.243033e-01
3.689930e-03 9.238214e-01
3.708430e-03 9.233344e-01
3.727020e-03 9.228474e-01
3.745700e-03 9.223553e-01
3.764480e-03 9.218631e-01
3.783340e-03 9.213710e-01
3.802310e-03 9.208737e-01
3.821370e-03 9.203714e-01
3.840520e-03 9.198690e-01
3.859770e-03 9.193615e-01
3.879120e-03 9.188539e-01
3.898570e-03 9.183464e-01
3.918110e-03 9.178287e-01
3.937750e-03 9.173160e-01
3.957480e-03 9.167982e-01
3.977320e-03 9.162754e-01
3.997260e-03 9.157525e-01
4.017300e-03 9.152244e-01
4.037430e-03 9.146964e-01
4.057670e-03 9.141633e-01
4.078010e-03 9.136250e-01
4.098450e-03 9.130918e-01
4.118990e-03 9.125484e-01
4.139640e-03 9.120050e-01
4.160390e-03 9.114616e-01
4.181240e-03 9.109131e-01
4.202200e-03 9.103595e-01
4.223270e-03 9.098058e-01
4.244440e-03 9.092470e-01
4.265710e-03 9.086883e-01
4.287090e-03 9.081295e-01
4.308580e-03 9.075604e-01
4.330180e-03 9.069914e-01
4.351880e-03 9.064224e-01
4.373700e-03 9.058482e-01
4.395620e-03 9.052741e-01
4.417650e-03 9.046948e-01
4.439800e-03 9.041104e-01
4.462050e-03 9.035259e-01
4.484420e-03 9.029364e-01
4.506900e-03 9.023469e-01
4.529490e-03 9.017522e-01
4.552190e-03 9.011575e-01
4.575010e-03 9.005578e-01
4.597940e-03 8.999528e-01
4.620990e-03 8.993479e-01
4.644150e-03 8.987379e-01
4.667430e-03 8.981278e-01
4.690830e-03 8.975127e-01
4.714340e-03 8.968975e-01
4.737970e-03 8.962772e-01
4.761720e-03 8.956518e-01
4.785590e-03 8.950263e-01
4.809570e-03 8.943958e-01
4.833680e-03 8.937653e-01
4.857910e-03 8.931296e-01
4.882260e-03 8.924888e-01
4.906730e-03 8.918480e-01
4.931330e-03 8.912020e-01
4.956050e-03 8.905561e-01
4.980890e-03 8.899051e-01
5.005860e-03 8.892540e-01
5.030950e-03 8.885927e-01
5.056170e-03 8.879365e-01
5.081510e-03 8.872701e-01
5.106980e-03 8.866036e-01
5.132580e-03 8.859372e-01
5.158310e-03 8.852605e-01
5.184160e-03 8.845890e-01
5.210150e-03 8.839072e-01
5.236270e-03 8.832253e-01
5.262510e-03 8.825435e-01
5.288890e-03 8.818515e-01
5.315400e-03 8.811594e-01
5.342050e-03 8.804673e-01
5.368820e-03 8.797701e-01
5.395730e-03 8.790678e-01
5.422780e-03 8.783604e-01
5.449960e-03 8.776529e-01
5.477280e-03 8.769455e-01
5.504730e-03 8.762278e-01
5.532330e-03 8.755101e-01
5.560060e-03 8.747924e-01
5.587930e-03 8.740644e-01
5.615940e-03 8.733416e-01
5.644090e-03 8.726085e-01
5.672380e-03 8.718754e-01
5.700810e-03 8.711372e-01
5.729390e-03 8.703990e-01
5.758110e-03 8.696506e-01
5.786970e-03 8.689073e-01
5.815980e-03 8.681537e-01
5.845130e-03 8.674001e-01
5.874430e-03 8.666414e-01
5.903870e-03 8.658827e-01
5.933470e-03 8.651188e-01
5.963210e-03 8.643499e-01
5.993100e-03 8.635809e-01
6.023140e-03 8.628068e-01
6.053330e-03 8.620276e-01
6.083670e-03 8.612433e-01
6.114170e-03 8.604589e-01
6.144810e-03 8.596694e-01
6.175620e-03 8.588800e-01
6.206570e-03 8.580854e-01
6.237680e-03 8.572857e-01
6.268950e-03 8.564859e-01
6.300370e-03 8.556760e-01
6.331950e-03 8.548660e-01
6.363690e-03 8.540560e-01
6.395590e-03 8.532409e-01
6.427650e-03 8.524207e-01
6.459870e-03 8.515953e-01
6.492250e-03 8.507700e-01
6.524790e-03 8.499395e-01
6.557500e-03 8.491039e-01
6.590370e-03 8.482683e-01
6.623400e-03 8.474224e-01
6.656600e-03 8.465817e-01
6.689960e-03 8.457307e-01
6.723500e-03 8.448797e-01
6.757200e-03 8.440236e-01
6.791070e-03 8.431624e-01
6.825110e-03 8.423011e-01
6.859320e-03 8.414348e-01
6.893710e-03 8.405633e-01
6.928260e-03 8.396867e-01
6.962990e-03 8.388101e-01
6.997890e-03 8.379283e-01
7.032970e-03 8.370414e-01
7.068220e-03 8.361546e-01
7.103650e-03 8.352626e-01
7.139260e-03 8.343655e-01
7.175040e-03 8.334632e-01
7.211010e-03 8.325610e-01
7.247150e-03 8.316536e-01
7.283480e-03 8.307411e-01
7.319990e-03 8.298286e-01
7.356680e-03 8.289058e-01
7.393550e-03 8.279831e-01
7.430620e-03 8.270552e-01
7.467860e-03 8.261273e-01
7.505300e-03 8.251943e-01
7.542910e-03 8.242562e-01
7.580720e-03 8.233129e-01
7.618720e-03 8.223645e-01
7.656910e-03 8.214161e-01
7.695290e-03 8.204626e-01
7.733860e-03 8.195040e-01
7.772630e-03 8.185453e-01
7.811590e-03 8.175764e-01
7.850750e-03 8.166075e-01
7.890100e-03 8.156386e-01
7.929650e-03 8.146595e-01
7.969400e-03 8.136804e-01
8.009340e-03 8.126961e-01
8.049490e-03 8.117067e-01
8.089840e-03 8.107122e-01
8.130390e-03 8.097176e-01
8.171140e-03 8.087129e-01
8.212100e-03 8.077081e-01
8.253260e-03 8.067033e-01
8.294630e-03 8.056883e-01
8.336210e-03 8.046732e-01
8.377990e-03 8.036531e-01
8.419990e-03 8.026278e-01
8.462200e-03 8.015974e-01
8.504610e-03 8.005619e-01
8.547240e-03 7.995263e-01
8.590090e-03 7.984857e-01
8.633140e-03 7.974399e-01
8.676420e-03 7.963941e-01
8.719910e-03 7.953380e-01
8.763620e-03 7.942820e-01
8.807540e-03 7.932208e-01
8.851690e-03 7.921545e-01
8.896060e-03 7.910831e-01
8.940650e-03 7.900117e-01
8.985470e-03 7.889351e-01
9.030510e-03 7.878483e-01
9.075770e-03 7.867667e-01
9.121270e-03 7.856747e-01
9.166990e-03 7.845777e-01
9.212940e-03 7.834806e-01
9.259110e-03 7.823785e-01
9.305530e-03 7.812711e-01
9.352170e-03 7.801587e-01
9.399050e-03 7.790412e-01
9.446160e-03 7.779236e-01
9.493510e-03 7.768009e-01
9.541100e-03 7.756731e-01
9.588920e-03 7.745402e-01
9.636990e-03 7.734021e-01
9.685290e-03 7.722589e-01
9.733840e-03 7.711157e-01
9.782630e-03 7.699674e-01
9.831670e-03 7.688088e-01
9.880950e-03 7.676554e-01
9.930480e-03 7.664917e-01
9.980260e-03 7.653229e-01
1.003030e-02 7.641540e-01
1.008060e-02 7.629750e-01
1.013110e-02 7.617959e-01
1.018190e-02 7.606117e-01
1.023290e-02 7.594224e-01
1.028420e-02 7.582330e-01
1.033570e-02 7.570334e-01
1.038760e-02 7.558339e-01
1.043960e-02 7.546240e-01
1.049200e-02 7.534142e-01
1.054450e-02 7.521992e-01
1.059740e-02 7.509791e-01
1.065050e-02 7.497591e-01
1.070390e-02 7.485287e-01
1.075760e-02 7.472984e-01
1.081150e-02 7.460578e-01
1.086570e-02 7.448172e-01
1.092010e-02 7.435715e-01
1.097490e-02 7.423206e-01
1.102990e-02 7.410647e-01
1.108520e-02 7.398087e-01
1.114070e-02 7.385425e-01
1.119660e-02 7.372762e-01
1.125270e-02 7.359998e-01
1.130910e-02 7.347233e-01
1.136580e-02 7.334417e-01
1.142280e-02 7.321549e-01
1.148000e-02 7.308631e-01
1.153760e-02 7.295712e-01
1.159540e-02 7.282691e-01
1.165350e-02 7.269670e-01
1.171190e-02 7.256546e-01
1.177060e-02 7.243423e-01
1.182960e-02 7.230248e-01
1.188890e-02 7.217022e-01
1.194850e-02 7.203744e-01
1.200840e-02 7.190416e-01
1.206860e-02 7.177036e-01
1.212910e-02 7.163656e-01
1.218990e-02 7.150173e-01
1.225100e-02 7.136691e-01
1.231240e-02 7.123157e-01
1.237410e-02 7.109521e-01
1.243620e-02 7.095885e-01
1.249850e-02 7.082197e-01
1.256110e-02 7.068509e-01
1.262410e-02 7.054719e-01
1.268740e-02 7.040878e-01
1.275100e-02 7.026985e-01
1.281490e-02 7.013093e-01
1.287910e-02 6.999149e-01
1.294370e-02 6.985103e-01
1.300860e-02 6.971056e-01
1.307380e-02 6.956959e-01
1.313930e-02 6.942810e-01
1.320520e-02 6.928610e-01
1.327140e-02 6.914358e-01
1.333790e-02 6.900055e-01
1.340470e-02 6.885753e-01
1.347190e-02 6.871347e-01
1.353950e-02 6.856942e-01
1.360730e-02 6.842434e-01
1.367550e-02 6.827927e-01
1.374410e-02 6.813368e-01
1.381300e-02 6.798706e-01
1.388220e-02 6.784045e-01
1.395180e-02 6.769332e-01
1.402170e-02 6.754619e-01
1.409200e-02 6.739804e-01
1.416270e-02 6.724937e-01
1.423360e-02 6.710019e-01
1.430500e-02 6.695101e-01
1.437670e-02 6.680132e-01
1.444880e-02 6.665060e-01
1.452120e-02 6.649989e-01
1.459400e-02 6.634866e-01
1.466710e-02 6.619692e-01
1.474060e-02 6.604466e-01
1.481450e-02 6.589189e-01
1.488880e-02 6.573861e-01
1.496340e-02 6.558482e-01
1.503840e-02 6.543103e-01
1.511380e-02 6.527621e-01
1.518960e-02 6.512139e-01
1.526570e-02 6.496555e-01
1.534220e-02 6.480971e-01
1.541910e-02 6.465335e-01
1.549640e-02 6.449648e-01
1.557410e-02 6.433910e-01
1.565220e-02 6.418121e-01
1.573060e-02 6.402280e-01
1.580950e-02 6.386440e-01
1.588870e-02 6.370496e-01
1.596830e-02 6.354553e-01
1.604840e-02 6.338559e-01
1.612880e-02 6.322462e-01
1.620970e-02 6.306365e-01
1.629090e-02 6.290217e-01
1.637260e-02 6.274017e-01
1.645470e-02 6.257818e-01
1.653710e-02 6.241516e-01
1.662000e-02 6.225214e-01
1.670330e-02 6.208809e-01
1.678710e-02 6.192405e-01
1.687120e-02 6.175949e-01
1.695580e-02 6.159442e-01
1.704080e-02 6.142884e-01
1.712620e-02 6.126274e-01
1.721200e-02 6.109664e-01
1.729830e-02 6.092952e-01
1.738500e-02 6.076240e-01
1.747220e-02 6.059477e-01
1.755970e-02 6.042662e-01
1.764780e-02 6.025796e-01
1.773620e-02 6.008879e-01
1.782510e-02 5.991962e-01
1.791450e-02 5.974993e-01
1.800430e-02 5.957922e-01
1.809450e-02 5.940851e-01
1.818520e-02 5.923780e-01
1.827640e-02 5.906607e-01
1.836800e-02 5.889433e-01
1.846000e-02 5.872157e-01
1.855260e-02 5.854881e-01
1.864560e-02 5.837605e-01
1.873900e-02 5.820227e-01
1.883300e-02 5.802848e-01
1.892740e-02 5.785367e-01
1.902220e-02 5.767886e-01
1.911760e-02 5.750405e-01
1.921340e-02 5.732821e-01
1.930970e-02 5.715238e-01
1.940650e-02 5.697603e-01
1.950380e-02 5.679917e-01
1.960150e-02 5.662231e-01
1.969980e-02 5.644493e-01
1.979850e-02 5.626705e-01
1.989780e-02 5.608865e-01
1.999750e-02 5.591025e-01
2.009780e-02 5.573133e-01
2.019850e-02 5.555191e-01
2.029980e-02 5.537249e-01
2.040150e-02 5.519204e-01
2.050380e-02 5.501210e-01
2.060650e-02 5.483114e-01
2.070980e-02 5.465017e-01
2.081360e-02 5.446870e-01
2.091800e-02 5.428722e-01
2.102280e-02 5.410524e-01
2.112820e-02 5.392273e-01
2.123410e-02 5.374023e-01
2.134050e-02 5.355722e-01
2.144750e-02 5.337421e-01
2.155500e-02 5.319068e-01
2.166310e-02 5.300664e-01
2.177160e-02 5.282261e-01
2.188080e-02 5.263805e-01
2.199050e-02 5.245350e-01
2.210070e-02 5.226844e-01
2.221150e-02 5.208338e-01
2.232280e-02 5.189780e-01
2.243470e-02 5.171222e-01
2.254720e-02 5.152613e-01
2.266020e-02 5.134005e-01
2.277370e-02 5.115350e-01
2.288790e-02 5.096679e-01
2.300260e-02 5.077983e-01
2.311790e-02 5.059272e-01
2.323380e-02 5.040540e-01
2.335030e-02 5.021782e-01
2.346730e-02 5.003009e-01
2.358500e-02 4.984216e-01
2.370320e-02 4.965402e-01
2.382200e-02 4.946572e-01
2.394140e-02 4.927728e-01
2.406140e-02 4.908863e-01
2.418200e-02 4.889987e-01
2.430320e-02 4.871096e-01
2.442500e-02 4.852190e-01
2.454750e-02 4.833268e-01
2.467050e-02 4.814342e-01
2.479420e-02 4.795400e-01
2.491850e-02 4.776447e-01
2.504340e-02 4.757485e-01
2.516890e-02 4.738517e-01
2.529500e-02 4.719534e-01
2.542180e-02 4.700551e-01
2.554930e-02 4.681557e-01
2.567730e-02 4.662564e-01
2.580600e-02 4.643560e-01
2.593540e-02 4.624557e-01
2.606540e-02 4.605548e-01
2.619610e-02 4.586539e-01
2.632740e-02 4.567530e-01
2.645930e-02 4.548527e-01
2.659200e-02 4.529518e-01
2.672520e-02 4.510514e-01
2.685920e-02 4.491516e-01
2.699380e-02 4.472517e-01
2.712910e-02 4.453529e-01
2.726510e-02 4.434546e-01
2.740180e-02 4.415568e-01
2.753910e-02 4.396605e-01
2.767720e-02 4.377648e-01
2.781590e-02 4.358701e-01
2.795530e-02 4.339769e-01
2.809550e-02 4.320852e-01
2.823630e-02 4.301946e-01
2.837780e-02 4.283055e-01
2.852010e-02 4.264185e-01
2.866300e-02 4.245330e-01
2.880670e-02 4.226490e-01
2.895110e-02 4.207676e-01
2.909620e-02 4.188883e-01
2.924210e-02 4.170115e-01
2.938870e-02 4.151368e-01
2.953600e-02 4.132646e-01
2.968400e-02 4.113950e-01
2.983280e-02 4.095280e-01
2.998240e-02 4.076645e-01
3.013260e-02 4.058041e-01
3.028370e-02 4.039463e-01
3.043550e-02 4.020916e-01
3.058800e-02 4.002409e-01
3.074140e-02 3.983934e-01
3.089540e-02 3.965499e-01
3.105030e-02 3.947100e-01
3.120600e-02 3.928738e-01
3.136240e-02 3.910421e-01
3.151960e-02 3.892145e-01
3.167760e-02 3.873911e-01
3.183630e-02 3.855722e-01
3.199590e-02 3.837580e-01
3.215630e-02 3.819483e-01
3.231750e-02 3.801433e-01
3.247950e-02 3.783378e-01
3.264230e-02 3.765210e-01
3.280590e-02 3.747088e-01
3.297030e-02 3.729018e-01
3.313560e-02 3.711003e-01
3.330170e-02 3.693040e-01
3.346860e-02 3.675139e-01
3.363640e-02 3.657294e-01
3.380500e-02 3.639505e-01
3.397450e-02 3.621783e-01
3.414470e-02 3.604123e-01
3.431590e-02 3.586524e-01
3.448790e-02 3.568991e-01
3.466080e-02 3.551526e-01
3.483450e-02 3.534132e-01
3.500910e-02 3.516804e-01
3.518460e-02 3.499549e-01
3.536100e-02 3.482365e-01
3.553820e-02 3.465258e-01
3.571630e-02 3.448223e-01
3.589540e-02 3.431270e-01
3.607530e-02 3.414389e-01
3.625610e-02 3.397590e-01
3.643790e-02 3.380872e-01
3.662050e-02 3.364232e-01
3.680410e-02 3.347679e-01
3.698850e-02 3.331213e-01
3.717400e-02 3.314829e-01
3.736030e-02 3.298532e-01
3.754760e-02 3.282322e-01
3.773580e-02 3.266205e-01
3.792490e-02 3.250174e-01
3.811500e-02 3.234236e-01
3.830610e-02 3.218385e-01
3.849810e-02 3.202632e-01
3.869100e-02 3.186976e-01
3.888500e-02 3.171412e-01
3.907990e-02 3.155940e-01
3.927580e-02 3.140566e-01
3.947270e-02 3.125295e-01
3.967050e-02 3.110115e-01
3.986940e-02 3.095039e-01
4.006920e-02 3.080059e-01
4.027010e-02 3.065182e-01
4.047190e-02 3.050403e-01
4.067480e-02 3.035726e-01
4.087870e-02 3.021146e-01
4.108360e-02 3.006675e-01
4.128950e-02 2.992300e-01
4.149650e-02 2.978033e-01
4.170450e-02 2.963864e-01
4.191350e-02 2.949802e-01
4.212360e-02 2.935843e-01
4.233480e-02 2.921986e-01
4.254700e-02 2.908227e-01
4.276020e-02 2.894575e-01
4.297460e-02 2.881026e-01
4.319000e-02 2.867580e-01
4.340650e-02 2.854235e-01
4.362410e-02 2.840994e-01
4.384270e-02 2.827855e-01
4.406250e-02 2.814813e-01
4.428330e-02 2.801874e-01
4.450530e-02 2.789038e-01
4.472840e-02 2.776299e-01
4.495260e-02 2.763657e-01
4.517790e-02 2.751118e-01
4.540440e-02 2.738671e-01
4.563200e-02 2.726326e-01
4.586070e-02 2.714079e-01
4.609060e-02 2.701924e-01
4.632160e-02 2.689862e-01
4.655380e-02 2.677897e-01
4.678720e-02 2.666024e-01
4.702170e-02 2.654239e-01
4.725740e-02 2.642550e-01
4.749420e-02 2.630949e-01
4.773230e-02 2.619435e-01
4.797160e-02 2.608014e-01
4.821200e-02 2.596674e-01
4.845370e-02 2.585421e-01
4.869660e-02 2.574251e-01
4.894070e-02 2.563168e-01
4.918600e-02 2.552161e-01
4.943250e-02 2.541283e-01
4.968030e-02 2.530441e-01
4.992930e-02 2.519680e-01
5.017960e-02 2.508992e-01
5.043110e-02 2.498380e-01
5.068390e-02 2.487845e-01
5.093800e-02 2.477382e-01
5.119330e-02 2.466991e-01
5.144990e-02 2.456672e-01
5.170780e-02 2.446424e-01
5.196700e-02 2.436238e-01
5.222750e-02 2.426123e-01
5.248930e-02 2.416070e-01
5.275240e-02 2.406079e-01
5.301680e-02 2.396154e-01
5.328250e-02 2.386286e-01
5.354960e-02 2.376474e-01
5.381800e-02 2.366723e-01
5.408780e-02 2.357024e-01
5.435890e-02 2.347376e-01
5.463140e-02 2.337780e-01
5.490520e-02 2.328229e-01
5.518050e-02 2.318730e-01
5.545710e-02 2.309267e-01
5.573500e-02 2.299849e-01
5.601440e-02 2.290468e-01
5.629510e-02 2.281128e-01
5.657730e-02 2.271813e-01
5.686090e-02 2.262534e-01
5.714600e-02 2.253281e-01
5.743240e-02 2.244053e-01
5.772030e-02 2.234846e-01
5.800960e-02 2.225660e-01
5.830040e-02 2.216489e-01
5.859260e-02 2.207333e-01
5.888630e-02 2.198182e-01
5.918150e-02 2.189037e-01
5.947810e-02 2.179896e-01
5.977630e-02 2.170756e-01
6.007590e-02 2.161615e-01
6.037700e-02 2.152465e-01
6.067970e-02 2.143304e-01
6.098380e-02 2.134133e-01
6.128950e-02 2.124946e-01
6.159670e-02 2.115739e-01
6.190550e-02 2.106512e-01
6.221580e-02 2.097258e-01
6.252760e-02 2.087980e-01
6.284110e-02 2.078670e-01
6.315610e-02 2.069335e-01
6.347270e-02 2.059959e-01
6.379080e-02 2.050552e-01
6.411050e-02 2.041104e-01
6.443190e-02 2.031615e-01
6.475490e-02 2.022090e-01
6.507940e-02 2.012519e-01
6.540570e-02 2.002907e-01
6.573350e-02 1.993243e-01
6.606300e-02 1.983539e-01
6.639410e-02 1.973789e-01
6.672690e-02 1.963992e-01
6.706140e-02 1.954144e-01
6.739750e-02 1.944255e-01
6.773540e-02 1.934310e-01
6.807490e-02 1.924324e-01
6.841610e-02 1.914286e-01
6.875910e-02 1.904203e-01
6.910370e-02 1.894078e-01
6.945010e-02 1.883548e-01
6.979820e-02 1.873398e-01
7.014810e-02 1.863202e-01
7.049970e-02 1.852964e-01
7.085310e-02 1.842686e-01
7.120830e-02 1.832366e-01
7.156520e-02 1.822011e-01
7.192390e-02 1.811609e-01
7.228440e-02 1.801172e-01
7.264670e-02 1.790694e-01
7.301090e-02 1.780174e-01
7.337690e-02 1.769619e-01
7.374470e-02 1.759028e-01
7.411430e-02 1.748401e-01
7.448580e-02 1.737743e-01
7.485920e-02 1.727044e-01
7.523440e-02 1.716319e-01
7.561150e-02 1.705559e-01
7.599050e-02 1.694768e-01
7.637140e-02 1.683951e-01
7.675420e-02 1.673109e-01
7.713900e-02 1.662241e-01
7.752570e-02 1.651352e-01
7.791430e-02 1.640443e-01
7.830470e-02 1.629524e-01
7.869730e-02 1.618584e-01
7.909170e-02 1.607634e-01
7.948820e-02 1.596679e-01
7.988660e-02 1.585724e-01
8.028710e-02 1.574769e-01
8.068950e-02 1.563819e-01
8.109400e-02 1.552879e-01
8.150050e-02 1.541955e-01
8.190890e-02 1.531051e-01
8.231950e-02 1.520172e-01
8.273220e-02 1.509325e-01
8.314690e-02 1.498513e-01
8.356370e-02 1.487743e-01
8.398250e-02 1.477018e-01
8.440350e-02 1.466345e-01
8.482660e-02 1.455733e-01
8.525170e-02 1.445188e-01
8.567900e-02 1.434705e-01
8.610850e-02 1.424303e-01
8.654020e-02 1.413979e-01
8.697400e-02 1.403741e-01
8.740990e-02 1.393591e-01
8.784810e-02 1.383538e-01
8.828840e-02 1.373588e-01
8.873090e-02 1.363740e-01
8.917570e-02 1.354005e-01
8.962270e-02 1.344377e-01
9.007190e-02 1.334868e-01
9.052340e-02 1.325481e-01
9.097720e-02 1.316213e-01
9.143320e-02 1.307072e-01
9.189150e-02 1.298065e-01
9.235220e-02 1.289181e-01
9.281500e-02 1.280436e-01
9.328020e-02 1.271823e-01
9.374780e-02 1.263349e-01
9.421770e-02 1.255009e-01
9.469000e-02 1.246806e-01
9.516470e-02 1.238742e-01
9.564170e-02 1.230817e-01
9.612110e-02 1.223030e-01
9.660280e-02 1.215381e-01
9.708710e-02 1.207866e-01
9.757370e-02 1.200489e-01
9.806290e-02 1.193251e-01
9.855440e-02 1.186140e-01
9.904840e-02 1.179163e-01
9.954490e-02 1.172314e-01
1.000440e-01 1.165599e-01
1.005450e-01 1.159006e-01
1.010490e-01 1.152531e-01
1.015560e-01 1.146185e-01
1.020650e-01 1.139951e-01
1.025760e-01 1.133830e-01
1.030910e-01 1.127822e-01
1.036070e-01 1.121922e-01
1.041270e-01 1.116124e-01
1.046490e-01 1.110433e-01
1.051730e-01 1.104835e-01
1.057000e-01 1.099329e-01
1.062300e-01 1.093916e-01
1.067630e-01 1.088584e-01
1.072980e-01 1.083335e-01
1.078360e-01 1.078162e-01
1.083760e-01 1.073062e-01
1.089200e-01 1.068028e-01
1.094650e-01 1.063050e-01
1.100140e-01 1.058128e-01
1.105660e-01 1.053258e-01
1.111200e-01 1.048429e-01
1.116770e-01 1.043636e-01
1.122370e-01 1.038874e-01
1.127990e-01 1.034132e-01
1.133650e-01 1.029405e-01
1.139330e-01 1.024684e-01
1.145040e-01 1.019967e-01
1.150780e-01 1.015246e-01
1.156550e-01 1.010509e-01
1.162340e-01 1.005752e-01
1.168170e-01 1.000969e-01
1.174030e-01 9.961501e-02
1.179910e-01 9.912953e-02
1.185830e-01 9.863945e-02
1.191770e-01 9.814424e-02
1.197740e-01 9.764339e-02
1.203750e-01 9.713690e-02
1.209780e-01 9.662374e-02
1.215840e-01 9.610444e-02
1.221940e-01 9.557795e-02
1.228060e-01 9.504480e-02
1.234220e-01 9.450448e-02
1.240410e-01 9.395698e-02
1.246620e-01 9.340230e-02
1.252870e-01 9.284045e-02
1.259150e-01 9.227141e-02
1.265460e-01 9.169520e-02
1.271810e-01 9.111182e-02
1.278180e-01 9.052177e-02
1.284590e-01 8.992505e-02
1.291030e-01 8.932219e-02
1.297500e-01 8.871317e-02
1.304000e-01 8.809851e-02
1.310540e-01 8.747821e-02
1.317110e-01 8.685228e-02
1.323710e-01 8.622224e-02
1.330350e-01 8.558759e-02
1.337010e-01 8.494935e-02
1.343720e-01 8.430752e-02
1.350450e-01 8.366313e-02
1.357220e-01 8.301618e-02
1.364020e-01 8.236769e-02
1.370860e-01 8.171817e-02
1.377730e-01 8.106865e-02
1.384640e-01 8.041862e-02
1.391580e-01 7.977013e-02
1.398550e-01 7.912318e-02
1.405560e-01 7.847879e-02
1.412610e-01 7.783696e-02
1.419690e-01 7.719923e-02
1.426810e-01 7.656612e-02
1.433960e-01 7.593762e-02
1.441150e-01 7.531527e-02
1.448370e-01 7.469959e-02
1.455630e-01 7.409160e-02
1.462930e-01 7.349130e-02
1.470260e-01 7.289971e-02
1.477630e-01 7.231735e-02
1.485030e-01 7.174524e-02
1.492480e-01 7.118338e-02
1.499960e-01 7.063229e-02
1.507480e-01 7.009299e-02
1.515040e-01 6.956548e-02
1.522630e-01 6.905028e-02
1.530260e-01 6.854738e-02
1.537930e-01 6.805729e-02
1.545640e-01 6.757951e-02
1.553390e-01 6.711454e-02
1.561170e-01 6.666239e-02
1.569000e-01 6.622255e-02
1.576870e-01 6.579449e-02
1.584770e-01 6.537874e-02
1.592710e-01 6.497427e-02
1.600700e-01 6.458107e-02
1.608720e-01 6.419864e-02
1.616780e-01 6.382544e-02
1.624890e-01 6.346248e-02
1.633030e-01 6.310825e-02
1.641220e-01 6.276170e-02
1.649440e-01 6.242336e-02
1.657710e-01 6.209117e-02
1.666020e-01 6.176513e-02
1.674370e-01 6.144473e-02
1.682770e-01 6.112791e-02
1.691200e-01 6.081520e-02
1.699680e-01 6.050454e-02
1.708200e-01 6.019644e-02
1.716760e-01 5.988886e-02
1.725370e-01 5.958127e-02
1.734010e-01 5.927318e-02
1.742700e-01 5.896354e-02
1.751440e-01 5.865237e-02
1.760220e-01 5.833812e-02
1.769040e-01 5.802079e-02
1.777910e-01 5.769937e-02
1.786820e-01 5.737384e-02
1.795780e-01 5.704421e-02
1.804780e-01 5.670894e-02
1.813830e-01 5.636855e-02
1.822920e-01 5.602252e-02
1.832060e-01 5.567084e-02
1.841240e-01 5.531353e-02
1.850470e-01 5.495007e-02
1.859740e-01 5.458045e-02
1.869070e-01 5.420469e-02
1.878430e-01 5.382379e-02
1.887850e-01 5.343675e-02
1.897310e-01 5.304509e-02
1.906820e-01 5.264831e-02
1.916380e-01 5.224691e-02
1.925990e-01 5.184192e-02
1.935640e-01 5.143386e-02
1.945340e-01 5.102349e-02
1.955100e-01 5.061107e-02
1.964890e-01 5.019762e-02
1.974740e-01 4.978382e-02
1.984640e-01 4.937058e-02
1.994590e-01 4.895862e-02
2.004590e-01 4.854881e-02
2.014640e-01 4.814198e-02
2.024730e-01 4.773889e-02
2.034880e-01 4.734026e-02
2.045080e-01 4.694696e-02
2.055330e-01 4.655940e-02
2.065640e-01 4.617826e-02
2.075990e-01 4.580403e-02
2.086400e-01 4.543708e-02
2.096850e-01 4.507787e-02
2.107370e-01 4.472651e-02
2.117930e-01 4.438334e-02
2.128540e-01 4.404854e-02
2.139210e-01 4.372209e-02
2.149940e-01 4.340415e-02
2.160710e-01 4.309472e-02
2.171540e-01 4.279379e-02
2.182430e-01 4.250123e-02
2.193370e-01 4.221692e-02
2.204360e-01 4.194055e-02
2.215410e-01 4.167172e-02
2.226520e-01 4.141007e-02
2.237680e-01 4.115478e-02
2.248890e-01 4.090533e-02
2.260170e-01 4.066085e-02
2.271500e-01 4.042062e-02
2.282880e-01 4.018373e-02
2.294330e-01 3.994935e-02
2.305830e-01 3.971671e-02
2.317380e-01 3.948505e-02
2.329000e-01 3.925359e-02
2.340670e-01 3.902167e-02
2.352410e-01 3.878878e-02
2.364200e-01 3.855430e-02
2.376050e-01 3.831782e-02
2.387960e-01 3.807888e-02
2.399930e-01 3.783716e-02
2.411960e-01 3.759238e-02
2.424050e-01 3.734431e-02
2.436200e-01 3.709281e-02
2.448410e-01 3.683782e-02
2.460680e-01 3.657935e-02
2.473020e-01 3.631749e-02
2.485410e-01 3.605235e-02
2.497870e-01 3.578424e-02
2.510390e-01 3.551331e-02
2.522970e-01 3.524012e-02
2.535620e-01 3.496494e-02
2.548330e-01 3.468831e-02
2.561100e-01 3.441082e-02
2.573940e-01 3.413307e-02
2.586840e-01 3.385573e-02
2.599810e-01 3.357937e-02
2.612840e-01 3.330469e-02
2.625940e-01 3.303228e-02
2.639100e-01 3.276258e-02
2.652330e-01 3.249616e-02
2.665620e-01 3.223348e-02
2.678990e-01 3.197495e-02
2.692420e-01 3.172099e-02
2.705910e-01 3.147185e-02
2.719480e-01 3.122783e-02
2.733100e-01 3.098919e-02
2.746800e-01 3.075594e-02
2.760570e-01 3.052817e-02
2.774410e-01 3.030584e-02
2.788320e-01 3.008869e-02
2.802290e-01 2.987656e-02
2.816340e-01 2.966909e-02
2.830460e-01 2.946593e-02
2.844650e-01 2.926677e-02
2.858900e-01 2.907114e-02
2.873230e-01 2.887860e-02
2.887640e-01 2.868876e-02
2.902110e-01 2.850104e-02
2.916660e-01 2.831500e-02
2.931280e-01 2.813004e-02
2.945970e-01 2.794564e-02
2.960740e-01 2.776129e-02
2.975580e-01 2.757654e-02
2.990490e-01 2.739096e-02
3.005480e-01 2.720421e-02
3.020550e-01 2.701607e-02
3.035690e-01 2.682644e-02
3.050910e-01 2.663522e-02
3.066200e-01 2.644237e-02
3.081570e-01 2.624803e-02
3.097010e-01 2.605235e-02
3.112540e-01 2.585555e-02
3.128140e-01 2.565782e-02
3.143820e-01 2.545953e-02
3.159580e-01 2.526099e-02
3.175420e-01 2.506249e-02
3.191330e-01 2.486430e-02
3.207330e-01 2.466683e-02
3.223410e-01 2.447039e-02
3.239560e-01 2.427538e-02
3.255800e-01 2.408206e-02
3.272120e-01 2.389090e-02
3.288520e-01 2.370230e-02
3.305010e-01 2.351652e-02
3.321570e-01 2.333371e-02
3.338220e-01 2.315413e-02
3.354960e-01 2.297773e-02
3.371770e-01 2.280451e-02
3.388670e-01 2.263441e-02
3.405660e-01 2.246740e-02
3.422730e-01 2.230320e-02
3.439890e-01 2.214177e-02
3.457130e-01 2.198285e-02
3.474460e-01 2.182618e-02
3.491870e-01 2.167142e-02
3.509380e-01 2.151829e-02
3.526970e-01 2.136650e-02
3.544650e-01 2.121568e-02
3.562410e-01 2.106563e-02
3.580270e-01 2.091604e-02
3.598220e-01 2.076671e-02
3.616250e-01 2.061732e-02
3.634380e-01 2.046773e-02
3.652600e-01 2.031779e-02
3.670900e-01 2.016753e-02
3.689310e-01 2.001687e-02
3.707800e-01 1.986589e-02
3.726380e-01 1.971477e-02
3.745060e-01 1.956354e-02
3.763840e-01 1.941236e-02
3.782700e-01 1.926149e-02
3.801660e-01 1.911108e-02
3.820720e-01 1.896144e-02
3.839870e-01 1.881272e-02
3.859120e-01 1.866518e-02
3.878460e-01 1.851903e-02
3.897900e-01 1.837436e-02
3.917440e-01 1.823128e-02
3.937080e-01 1.808990e-02
3.956810e-01 1.795036e-02
3.976640e-01 1.781276e-02
3.996580e-01 1.767707e-02
4.016610e-01 1.754327e-02
4.036740e-01 1.741121e-02
4.056980e-01 1.728085e-02
4.077310e-01 1.715202e-02
4.097750e-01 1.702463e-02
4.118290e-01 1.689847e-02
4.138940e-01 1.677338e-02
4.159680e-01 1.664927e-02
4.180530e-01 1.652588e-02
4.201490e-01 1.640310e-02
4.222550e-01 1.628078e-02
4.243710e-01 1.615888e-02
4.264990e-01 1.603728e-02
4.286360e-01 1.591599e-02
4.307850e-01 1.579485e-02
4.329440e-01 1.567397e-02
4.351140e-01 1.555335e-02
4.372950e-01 1.543313e-02
4.394870e-01 1.531338e-02
4.416900e-01 1.519429e-02
4.439040e-01 1.507587e-02
4.461290e-01 1.495827e-02
4.483660e-01 1.484154e-02
4.506130e-01 1.472579e-02
4.528710e-01 1.461111e-02
4.551420e-01 1.449751e-02
4.574230e-01 1.438514e-02
4.597160e-01 1.427389e-02
4.620200e-01 1.416383e-02
4.643360e-01 1.405494e-02
4.666640e-01 1.394724e-02
4.690030e-01 1.384061e-02
4.713530e-01 1.373501e-02
4.737160e-01 1.363027e-02
4.760910e-01 1.352641e-02
4.784770e-01 1.342327e-02
4.808760e-01 1.332084e-02
4.832860e-01 1.321908e-02
4.857090e-01 1.311784e-02
4.881430e-01 1.301710e-02
4.905900e-01 1.291683e-02
4.930490e-01 1.281707e-02
4.955200e-01 1.271782e-02
4.980040e-01 1.261904e-02
5.005010e-01 1.252081e-02
5.030090e-01 1.242305e-02
5.055310e-01 1.232596e-02
5.080650e-01 1.222953e-02
5.106110e-01 1.213382e-02
5.131710e-01 1.203888e-02
5.157430e-01 1.194476e-02
5.183280e-01 1.185141e-02
5.209260e-01 1.175893e-02
5.235380e-01 1.166732e-02
5.261620e-01 1.157653e-02
5.287990e-01 1.148646e-02
5.314500e-01 1.139721e-02
5.341130e-01 1.130872e-02
5.367910e-01 1.122096e-02
5.394810e-01 1.113386e-02
5.421860e-01 1.104738e-02
5.449040e-01 1.096151e-02
5.476350e-01 1.087621e-02
5.503800e-01 1.079147e-02
5.531390e-01 1.070724e-02
5.559110e-01 1.062358e-02
5.586980e-01 1.054038e-02
5.614980e-01 1.045769e-02
5.643130e-01 1.037556e-02
5.671410e-01 1.029400e-02
5.699840e-01 1.021300e-02
5.728410e-01 1.013262e-02
5.757130e-01 1.005290e-02
5.785980e-01 9.973804e-03
5.814980e-01 9.895370e-03
5.844130e-01 9.817500e-03
5.873430e-01 9.740296e-03
5.902870e-01 9.663707e-03
5.932460e-01 9.587785e-03
5.962190e-01 9.512426e-03
5.992080e-01 9.437683e-03
6.022120e-01 9.363504e-03
6.052300e-01 9.289837e-03
6.082640e-01 9.216735e-03
6.113130e-01 9.144145e-03
6.143770e-01 9.072067e-03
6.174570e-01 9.000502e-03
6.205520e-01 8.929450e-03
6.236620e-01 8.858859e-03
6.267880e-01 8.788833e-03
6.299300e-01 8.719267e-03
6.330870e-01 8.650214e-03
6.362610e-01 8.581725e-03
6.394500e-01 8.513698e-03
6.426550e-01 8.446183e-03
6.458770e-01 8.379232e-03
6.491140e-01 8.312793e-03
6.523680e-01 8.246919e-03
6.556380e-01 8.181557e-03
6.589240e-01 8.116657e-03
6.622270e-01 8.052320e-03
6.655470e-01 7.988394e-03
6.688830e-01 7.924980e-03
6.722360e-01 7.862028e-03
6.756050e-01 7.799588e-03
6.789920e-01 7.737558e-03
6.823950e-01 7.676041e-03
6.858150e-01 7.614934e-03
6.892530e-01 7.554289e-03
6.927080e-01 7.494105e-03
6.961800e-01 7.434331e-03
6.996700e-01 7.375018e-03
7.031770e-01 7.316218e-03
7.067020e-01 7.257828e-03
7.102440e-01 7.199900e-03
7.138040e-01 7.142432e-03
7.173820e-01 7.085375e-03
7.209780e-01 7.028780e-03
7.245920e-01 6.972594e-03
7.282240e-01 6.916870e-03
7.318740e-01 6.861556e-03
7.355430e-01 6.806652e-03
7.392300e-01 6.752158e-03
7.429350e-01 6.698075e-03
7.466590e-01 6.644452e-03
7.504020e-01 6.591189e-03
7.541630e-01 6.538335e-03
7.579430e-01 6.485892e-03
7.617430e-01 6.433859e-03
7.655610e-01 6.382185e-03
7.693980e-01 6.330920e-03
7.732550e-01 6.280066e-03
7.771300e-01 6.229622e-03
7.810260e-01 6.179537e-03
7.849410e-01 6.129862e-03
7.888760e-01 6.080546e-03
7.928300e-01 6.031589e-03
7.968040e-01 5.983042e-03
8.007980e-01 5.934853e-03
8.048120e-01 5.887075e-03
8.088460e-01 5.839656e-03
8.129000e-01 5.792595e-03
8.169750e-01 5.745842e-03
8.210700e-01 5.699500e-03
8.251860e-01 5.653516e-03
8.293220e-01 5.607839e-03
8.334790e-01 5.562522e-03
8.376570e-01 5.517614e-03
8.418550e-01 5.473015e-03
8.460750e-01 5.428774e-03
8.503160e-01 5.384891e-03
8.545790e-01 5.341317e-03
8.588620e-01 5.298101e-03
8.631680e-01 5.255193e-03
8.674940e-01 5.212644e-03
8.718430e-01 5.170402e-03
8.762130e-01 5.128519e-03
8.806040e-01 5.086980e-03
8.850180e-01 5.045733e-03
8.894550e-01 5.004814e-03
8.939130e-01 4.964207e-03
8.983940e-01 4.923909e-03
9.028970e-01 4.883933e-03
9.074230e-01 4.844270e-03
9.119720e-01 4.804914e-03
9.165420e-01 4.765877e-03
9.211370e-01 4.727131e-03
9.257540e-01 4.688673e-03
9.303940e-01 4.650527e-03
9.350580e-01 4.612689e-03
9.397450e-01 4.575148e-03
9.444560e-01 4.537900e-03
9.491900e-01 4.500938e-03
9.539470e-01 4.464264e-03
9.587290e-01 4.427882e-03
9.635350e-01 4.391781e-03
9.683640e-01 4.355953e-03
9.732190e-01 4.320411e-03
9.780970e-01 4.285147e-03
9.830000e-01 4.250164e-03
9.879270e-01 4.215463e-03
9.928790e-01 4.181019e-03
9.978550e-01 4.146851e-03
1.002860e+00 4.112945e-03
1.007880e+00 4.079306e-03
1.012940e+00 4.045943e-03
1.018010e+00 4.012837e-03
1.023120e+00 3.979986e-03
1.028250e+00 3.947398e-03
1.033400e+00 3.915066e-03
1.038580e+00 3.883000e-03
1.043780e+00 3.851180e-03
1.049020e+00 3.819601e-03
1.054270e+00 3.788274e-03
1.059560e+00 3.757187e-03
1.064870e+00 3.726357e-03
1.070210e+00 3.695773e-03
1.075570e+00 3.665424e-03
1.080960e+00 3.635327e-03
1.086380e+00 3.605456e-03
1.091830e+00 3.575825e-03
1.097300e+00 3.546430e-03
1.102800e+00 3.517261e-03
1.108330e+00 3.488332e-03
1.113880e+00 3.459635e-03
1.119470e+00 3.431162e-03
1.125080e+00 3.402911e-03
1.130720e+00 3.374885e-03
1.136390e+00 3.347084e-03
1.142080e+00 3.319504e-03
1.147810e+00 3.292144e-03
1.153560e+00 3.264995e-03
1.159340e+00 3.238061e-03
1.165150e+00 3.211352e-03
1.170990e+00 3.184853e-03
1.176860e+00 3.158570e-03
1.182760e+00 3.132487e-03
1.188690e+00 3.106609e-03
1.194650e+00 3.080941e-03
1.200640e+00 3.055478e-03
1.206660e+00 3.030220e-03
1.212710e+00 3.005162e-03
1.218780e+00 2.980304e-03
1.224890e+00 2.955646e-03
1.231030e+00 2.931183e-03
1.237200e+00 2.906915e-03
1.243400e+00 2.882846e-03
1.249640e+00 2.858967e-03
1.255900e+00 2.835278e-03
1.262200e+00 2.811778e-03
1.268520e+00 2.788469e-03
1.274880e+00 2.765348e-03
1.281270e+00 2.742413e-03
1.287690e+00 2.719657e-03
1.294150e+00 2.697085e-03
1.300640e+00 2.674698e-03
1.307160e+00 2.652485e-03
1.313710e+00 2.630457e-03
1.320290e+00 2.608603e-03
1.326910e+00 2.586924e-03
1.333560e+00 2.565423e-03
1.340250e+00 2.544097e-03
1.346960e+00 2.522936e-03
1.353720e+00 2.501948e-03
1.360500e+00 2.481125e-03
1.367320e+00 2.460470e-03
1.374180e+00 2.439985e-03
1.381060e+00 2.419669e-03
1.387980e+00 2.399512e-03
1.394940e+00 2.379519e-03
1.401930e+00 2.359685e-03
1.408960e+00 2.340015e-03
1.416020e+00 2.320493e-03
1.423120e+00 2.301136e-03
1.430260e+00 2.281932e-03
1.437430e+00 2.262888e-03
1.444630e+00 2.243997e-03
1.451870e+00 2.225260e-03
1.459150e+00 2.206666e-03
1.466460e+00 2.188232e-03
1.473810e+00 2.169941e-03
1.481200e+00 2.151803e-03
1.488630e+00 2.133810e-03
1.496090e+00 2.115960e-03
1.503590e+00 2.098258e-03
1.511120e+00 2.080700e-03
1.518700e+00 2.063280e-03
1.526310e+00 2.046004e-03
1.533960e+00 2.028872e-03
1.541650e+00 2.011873e-03
1.549380e+00 1.995017e-03
1.557140e+00 1.978295e-03
1.564950e+00 1.961711e-03
1.572790e+00 1.945265e-03
1.580680e+00 1.928948e-03
1.588600e+00 1.912764e-03
1.596560e+00 1.896713e-03
1.604570e+00 1.880795e-03
1.612610e+00 1.865006e-03
1.620690e+00 1.849340e-03
1.628820e+00 1.833807e-03
1.636980e+00 1.818402e-03
1.645190e+00 1.803120e-03
1.653430e+00 1.787961e-03
1.661720e+00 1.772930e-03
1.670050e+00 1.758018e-03
1.678420e+00 1.743228e-03
1.686830e+00 1.728561e-03
1.695290e+00 1.714013e-03
1.703790e+00 1.699582e-03
1.712330e+00 1.685274e-03
1.720910e+00 1.671084e-03
1.729540e+00 1.657002e-03
1.738210e+00 1.643042e-03
1.746920e+00 1.629196e-03
1.755680e+00 1.615457e-03
1.764480e+00 1.601841e-03
1.773320e+00 1.588328e-03
1.782210e+00 1.574933e-03
1.791140e+00 1.561645e-03
1.800120e+00 1.548465e-03
1.809140e+00 1.535393e-03
1.818210e+00 1.522428e-03
1.827330e+00 1.509571e-03
1.836490e+00 1.496816e-03
1.845690e+00 1.484170e-03
1.854940e+00 1.471625e-03
1.864240e+00 1.459189e-03
1.873580e+00 1.446849e-03
1.882980e+00 1.434607e-03
1.892410e+00 1.422473e-03
1.901900e+00 1.410436e-03
1.911430e+00 1.398497e-03
1.921010e+00 1.386660e-03
1.930640e+00 1.374921e-03
1.940320e+00 1.363273e-03
1.950050e+00 1.351724e-03
1.959820e+00 1.340271e-03
1.969650e+00 1.328911e-03
1.979520e+00 1.317648e-03
1.989440e+00 1.306473e-03
1.999410e+00 1.295394e-03
2.009440e+00 1.284403e-03
2.019510e+00 1.273510e-03
2.029630e+00 1.262698e-03
2.039800e+00 1.251979e-03
2.050030e+00 1.241352e-03
2.060300e+00 1.230807e-03
2.070630e+00 1.220354e-03
2.081010e+00 1.209983e-03
2.091440e+00 1.199700e-03
2.101930e+00 1.189503e-03
2.112460e+00 1.179394e-03
2.123050e+00 1.169361e-03
2.133690e+00 1.159416e-03
2.144390e+00 1.149553e-03
2.155140e+00 1.139772e-03
2.165940e+00 1.130073e-03
2.176800e+00 1.120450e-03
2.187710e+00 1.110910e-03
2.198670e+00 1.101452e-03
2.209690e+00 1.092070e-03
2.220770e+00 1.082766e-03
2.231900e+00 1.073538e-03
2.243090e+00 1.064388e-03
2.254330e+00 1.055314e-03
2.265630e+00 1.046317e-03
2.276990e+00 1.037392e-03
2.288400e+00 1.028544e-03
2.299870e+00 1.019773e-03
2.311400e+00 1.011068e-03
2.322990e+00 1.002440e-03
2.334630e+00 9.938791e-04
2.346330e+00 9.853948e-04
2.358090e+00 9.769773e-04
2.369910e+00 9.686315e-04
2.381790e+00 9.603574e-04
2.393730e+00 9.521500e-04
2.405730e+00 9.440093e-04
2.417790e+00 9.359403e-04
2.429910e+00 9.279328e-04
2.442090e+00 9.199971e-04
2.454330e+00 9.121281e-04
2.466630e+00 9.043205e-04
2.479000e+00 8.965848e-04
2.491420e+00 8.889105e-04
2.503910e+00 8.812978e-04
2.516460e+00 8.737517e-04
2.529070e+00 8.662671e-04
2.541750e+00 8.588441e-04
2.554490e+00 8.514826e-04
2.567300e+00 8.441877e-04
2.580170e+00 8.369492e-04
2.593100e+00 8.297722e-04
2.606100e+00 8.226567e-04
2.619160e+00 8.156028e-04
2.632290e+00 8.086052e-04
2.645480e+00 8.016640e-04
2.658740e+00 7.947844e-04
2.672070e+00 7.879611e-04
2.685460e+00 7.811943e-04
2.698930e+00 7.744889e-04
2.712450e+00 7.678348e-04
2.726050e+00 7.612371e-04
2.739710e+00 7.547009e-04
2.753450e+00 7.482109e-04
2.767250e+00 7.417824e-04
2.781120e+00 7.354051e-04
2.795060e+00 7.290791e-04
2.809070e+00 7.228095e-04
2.823150e+00 7.165911e-04
2.837300e+00 7.104292e-04
2.851520e+00 7.043134e-04
2.865820e+00 6.982539e-04
2.880180e+00 6.922407e-04
2.894620e+00 6.862786e-04
2.909130e+00 6.803730e-04
2.923710e+00 6.745084e-04
2.938360e+00 6.687001e-04
2.953090e+00 6.629381e-04
2.967900e+00 6.572272e-04
2.982770e+00 6.515625e-04
2.997720e+00 6.459440e-04
3.012750e+00 6.403716e-04
3.027850e+00 6.348504e-04
3.043030e+00 6.293754e-04
3.058280e+00 6.239414e-04
3.073610e+00 6.185587e-04
3.089020e+00 6.132221e-04
3.104500e+00 6.079265e-04
3.120060e+00 6.026770e-04
3.135700e+00 5.974737e-04
3.151420e+00 5.923114e-04
3.167220e+00 5.871952e-04
3.183090e+00 5.821201e-04
3.199050e+00 5.770911e-04
3.215080e+00 5.721031e-04
3.231200e+00 5.671561e-04
3.247400e+00 5.622552e-04
3.263670e+00 5.573902e-04
3.280030e+00 5.525663e-04
3.296470e+00 5.477885e-04
3.313000e+00 5.430465e-04
3.329600e+00 5.383507e-04
3.346290e+00 5.336908e-04
3.363070e+00 5.290668e-04
3.379920e+00 5.244889e-04
3.396870e+00 5.199469e-04
3.413890e+00 5.154408e-04
3.431010e+00 5.109751e-04
3.448200e+00 5.065475e-04
3.465490e+00 5.021577e-04
3.482860e+00 4.978059e-04
3.500320e+00 4.934905e-04
3.517860e+00 4.892115e-04
3.535500e+00 4.849683e-04
3.553220e+00 4.807626e-04
3.571030e+00 4.765918e-04
3.588930e+00 4.724563e-04
3.606920e+00 4.683562e-04
3.624990e+00 4.642919e-04
3.643170e+00 4.602615e-04
3.661430e+00 4.562650e-04
3.679780e+00 4.523033e-04
3.698230e+00 4.483749e-04
3.716760e+00 4.444799e-04
3.735400e+00 4.406176e-04
3.754120e+00 4.367887e-04
3.772930e+00 4.329936e-04
3.791850e+00 4.292293e-04
3.810850e+00 4.254973e-04
3.829960e+00 4.217970e-04
3.849150e+00 4.181286e-04
3.868450e+00 4.144914e-04
3.887840e+00 4.108844e-04
3.907330e+00 4.073092e-04
3.926910e+00 4.037643e-04
3.946590e+00 4.002502e-04
3.966380e+00 3.967652e-04
3.986260e+00 3.933105e-04
4.006240e+00 3.898851e-04
4.026320e+00 3.864888e-04
4.046500e+00 3.831218e-04
4.066790e+00 3.797835e-04
4.087170e+00 3.764738e-04
4.107660e+00 3.731929e-04
4.128250e+00 3.699397e-04
4.148940e+00 3.667142e-04
4.169740e+00 3.635168e-04
4.190640e+00 3.603466e-04
4.211650e+00 3.572031e-04
4.232760e+00 3.540873e-04
4.253970e+00 3.509976e-04
4.275290e+00 3.479351e-04
4.296720e+00 3.448982e-04
4.318260e+00 3.418874e-04
4.339910e+00 3.389028e-04
4.361660e+00 3.359434e-04
4.383530e+00 3.330095e-04
4.405500e+00 3.301008e-04
4.427580e+00 3.272167e-04
4.449780e+00 3.243577e-04
4.472080e+00 3.215238e-04
4.494490e+00 3.187135e-04
4.517020e+00 3.159273e-04
4.539670e+00 3.131652e-04
4.562420e+00 3.104261e-04
4.585290e+00 3.077117e-04
4.608280e+00 3.050198e-04
4.631370e+00 3.023510e-04
4.654590e+00 2.997057e-04
4.677920e+00 2.970831e-04
4.701370e+00 2.944824e-04
4.724930e+00 2.919044e-04
4.748620e+00 2.893488e-04
4.772420e+00 2.868149e-04
4.796340e+00 2.843029e-04
4.820380e+00 2.818125e-04
4.844540e+00 2.793441e-04
4.868830e+00 2.768963e-04
4.893230e+00 2.744699e-04
4.917760e+00 2.720641e-04
4.942410e+00 2.696793e-04
4.967190e+00 2.673150e-04
4.992080e+00 2.649712e-04
5.017110e+00 2.626474e-04
5.042260e+00 2.603436e-04
5.067530e+00 2.580603e-04
5.092930e+00 2.557964e-04
5.118460e+00 2.535521e-04
5.144110e+00 2.513267e-04
5.169900e+00 2.491208e-04
5.195820e+00 2.469339e-04
5.221860e+00 2.447659e-04
5.248040e+00 2.426169e-04
5.274340e+00 2.404864e-04
5.300780e+00 2.383738e-04
5.327350e+00 2.362797e-04
5.354050e+00 2.342040e-04
5.380890e+00 2.321457e-04
5.407860e+00 2.301054e-04
5.434970e+00 2.280825e-04
5.462210e+00 2.260776e-04
5.489590e+00 2.240901e-04
5.517100e+00 2.221190e-04
5.544760e+00 2.201653e-04
5.572550e+00 2.182285e-04
5.600490e+00 2.163087e-04
5.628560e+00 2.144052e-04
5.656770e+00 2.125187e-04
5.685130e+00 2.106481e-04
5.713630e+00 2.087939e-04
5.742260e+00 2.069560e-04
5.771040e+00 2.051336e-04
5.799970e+00 2.033270e-04
5.829050e+00 2.015364e-04
5.858260e+00 1.997611e-04
5.887630e+00 1.980012e-04
5.917140e+00 1.962567e-04
5.946800e+00 1.945270e-04
5.976610e+00 1.928133e-04
6.006570e+00 1.911134e-04
6.036670e+00 1.894288e-04
6.066930e+00 1.877586e-04
6.097340e+00 1.861028e-04
6.127910e+00 1.844613e-04
6.158630e+00 1.828347e-04
6.189500e+00 1.812214e-04
6.220520e+00 1.796230e-04
6.251700e+00 1.780379e-04
6.283040e+00 1.764667e-04
6.314530e+00 1.749087e-04
6.346180e+00 1.733647e-04
6.377990e+00 1.718339e-04
6.409960e+00 1.703165e-04
6.442090e+00 1.688124e-04
6.474390e+00 1.673211e-04
6.506830e+00 1.658432e-04
6.539450e+00 1.643781e-04
6.572230e+00 1.629252e-04
6.605170e+00 1.614857e-04
6.638280e+00 1.600580e-04
6.671560e+00 1.586431e-04
6.705000e+00 1.572406e-04
6.738610e+00 1.558503e-04
6.772380e+00 1.544723e-04
6.806330e+00 1.531061e-04
6.840450e+00 1.517522e-04
6.874740e+00 1.504096e-04
6.909200e+00 1.490788e-04
6.943830e+00 1.477598e-04
6.978640e+00 1.464520e-04
7.013620e+00 1.451555e-04
7.048770e+00 1.438709e-04
7.084100e+00 1.425975e-04
7.119610e+00 1.413348e-04
7.155300e+00 1.400829e-04
7.191170e+00 1.388424e-04
7.227210e+00 1.376125e-04
7.263440e+00 1.363935e-04
7.299850e+00 1.351847e-04
7.336440e+00 1.339871e-04
7.373210e+00 1.327993e-04
7.410170e+00 1.316223e-04
7.447310e+00 1.304555e-04
7.484640e+00 1.292990e-04
7.522160e+00 1.281522e-04
7.559870e+00 1.270157e-04
7.597760e+00 1.258894e-04
7.635850e+00 1.247724e-04
7.674110e+00 1.236656e-04
7.712580e+00 1.225685e-04
7.751240e+00 1.214807e-04
7.790100e+00 1.204026e-04
7.829150e+00 1.193343e-04
7.868390e+00 1.182747e-04
7.907830e+00 1.172248e-04
7.947470e+00 1.161841e-04
7.987300e+00 1.151527e-04
8.027340e+00 1.141299e-04
8.067580e+00 1.131159e-04
8.108020e+00 1.121112e-04
8.148660e+00 1.111151e-04
8.189510e+00 1.101278e-04
8.230560e+00 1.091491e-04
8.271810e+00 1.081792e-04
8.313280e+00 1.072175e-04
8.354940e+00 1.062645e-04
8.396820e+00 1.053197e-04
8.438910e+00 1.043831e-04
8.481210e+00 1.034547e-04
8.523720e+00 1.025345e-04
8.566450e+00 1.016225e-04
8.609390e+00 1.007182e-04
8.652550e+00 9.982211e-05
8.695910e+00 9.893371e-05
8.739500e+00 9.805350e-05
8.783310e+00 9.718047e-05
8.827340e+00 9.631564e-05
8.871580e+00 9.545799e-05
8.916050e+00 9.460803e-05
8.960750e+00 9.376576e-05
9.005660e+00 9.293067e-05
9.050800e+00 9.210327e-05
9.096170e+00 9.128253e-05
9.141760e+00 9.046948e-05
9.187590e+00 8.966360e-05
9.233640e+00 8.886440e-05
9.279930e+00 8.807236e-05
9.326440e+00 8.728751e-05
9.373190e+00 8.650932e-05
9.420180e+00 8.573831e-05
9.467390e+00 8.497396e-05
9.514840e+00 8.421576e-05
9.562540e+00 8.346474e-05
9.610470e+00 8.272038e-05
9.658650e+00 8.198269e-05
9.707060e+00 8.125115e-05
9.755720e+00 8.052628e-05
9.804620e+00 7.980755e-05
9.853760e+00 7.909549e-05
9.903150e+00 7.838959e-05
9.952790e+00 7.768983e-05
1.000270e+01 7.699623e-05
1.005280e+01 7.630877e-05
1.010320e+01 7.562747e-05
1.015390e+01 7.495181e-05
1.020480e+01 7.428230e-05
1.025590e+01 7.361894e-05
1.030730e+01 7.296122e-05
1.035900e+01 7.230966e-05
1.041090e+01 7.166373e-05
1.046310e+01 7.102293e-05
1.051550e+01 7.038827e-05
1.056820e+01 6.975926e-05
1.062120e+01 6.913538e-05
1.067450e+01 6.851713e-05
1.072800e+01 6.790504e-05
1.078170e+01 6.729756e-05
1.083580e+01 6.669572e-05
1.089010e+01 6.609900e-05
1.094470e+01 6.550793e-05
1.099950e+01 6.492146e-05
1.105470e+01 6.434064e-05
1.111010e+01 6.376494e-05
1.116580e+01 6.319437e-05
1.122170e+01 6.262893e-05
1.127800e+01 6.206810e-05
1.133450e+01 6.151291e-05
1.139130e+01 6.096182e-05
1.144840e+01 6.041637e-05
1.150580e+01 5.987502e-05
1.156350e+01 5.933879e-05
1.162150e+01 5.880770e-05
1.167970e+01 5.828070e-05
1.173830e+01 5.775883e-05
1.179710e+01 5.724106e-05
1.185620e+01 5.672791e-05
1.191570e+01 5.621988e-05
1.197540e+01 5.571596e-05
1.203540e+01 5.521664e-05
1.209570e+01 5.472143e-05
1.215640e+01 5.423083e-05
1.221730e+01 5.374434e-05
1.227850e+01 5.326245e-05
1.234010e+01 5.278467e-05
1.240190e+01 5.231150e-05
1.246410e+01 5.184243e-05
1.252660e+01 5.137696e-05
1.258940e+01 5.091619e-05
1.265250e+01 5.045943e-05
1.271590e+01 5.000661e-05
1.277960e+01 4.955780e-05
1.284370e+01 4.911298e-05
1.290810e+01 4.867210e-05
1.297280e+01 4.823518e-05
1.303780e+01 4.780210e-05
1.310320e+01 4.737281e-05
1.316880e+01 4.694747e-05
1.323480e+01 4.652578e-05
1.330120e+01 4.610787e-05
1.336790e+01 4.569366e-05
1.343490e+01 4.528308e-05
1.350220e+01 4.487620e-05
1.356990e+01 4.447295e-05
1.363790e+01 4.407325e-05
1.370630e+01 4.367713e-05
1.377500e+01 4.328460e-05
1.384400e+01 4.289550e-05
1.391340e+01 4.250984e-05
1.398320e+01 4.212762e-05
1.405320e+01 4.174883e-05
1.412370e+01 4.137337e-05
1.419450e+01 4.100124e-05
1.426560e+01 4.063245e-05
1.433710e+01 4.026698e-05
1.440900e+01 3.990470e-05
1.448120e+01 3.954565e-05
1.455380e+01 3.918977e-05
1.462680e+01 3.883707e-05
1.470010e+01 3.848750e-05
1.477380e+01 3.814106e-05
1.484780e+01 3.779769e-05
1.492220e+01 3.745745e-05
1.499700e+01 3.712013e-05
1.507220e+01 3.678589e-05
1.514780e+01 3.645457e-05
1.522370e+01 3.612627e-05
1.530000e+01 3.580085e-05
1.537670e+01 3.547835e-05
1.545380e+01 3.515871e-05
1.553120e+01 3.484195e-05
1.560910e+01 3.452806e-05
1.568730e+01 3.421689e-05
1.576600e+01 3.390848e-05
1.584500e+01 3.360285e-05
1.592440e+01 3.329993e-05
1.600420e+01 3.299972e-05
1.608450e+01 3.270219e-05
1.616510e+01 3.240726e-05
1.624610e+01 3.211506e-05
1.632750e+01 3.182541e-05
1.640940e+01 3.153834e-05
1.649160e+01 3.125382e-05
1.657430e+01 3.097187e-05
1.665740e+01 3.069243e-05
1.674090e+01 3.041550e-05
1.682480e+01 3.014103e-05
1.690910e+01 2.986907e-05
1.699390e+01 2.959947e-05
1.707910e+01 2.933228e-05
1.716470e+01 2.906750e-05
1.725070e+01 2.880508e-05
1.733720e+01 2.854497e-05
1.742410e+01 2.828721e-05
1.751140e+01 2.803171e-05
1.759920e+01 2.777857e-05
1.768740e+01 2.752768e-05
1.777610e+01 2.727900e-05
1.786520e+01 2.703252e-05
1.795470e+01 2.678830e-05
1.804470e+01 2.654623e-05
1.813520e+01 2.630631e-05
1.822610e+01 2.606855e-05
1.831740e+01 2.583294e-05
1.840920e+01 2.559948e-05
1.850150e+01 2.536808e-05
1.859430e+01 2.513872e-05
1.868750e+01 2.491142e-05
1.878110e+01 2.468616e-05
1.887530e+01 2.446291e-05
1.896990e+01 2.424165e-05
1.906500e+01 2.402239e-05
1.916050e+01 2.380508e-05
1.925660e+01 2.358972e-05
1.935310e+01 2.337626e-05
1.945010e+01 2.316474e-05
1.954760e+01 2.295512e-05
1.964560e+01 2.274735e-05
1.974410e+01 2.254147e-05
1.984300e+01 2.233744e-05
1.994250e+01 2.213520e-05
2.004250e+01 2.193486e-05
2.014290e+01 2.173627e-05
2.024390e+01 2.153946e-05
2.034540e+01 2.134440e-05
2.044740e+01 2.115109e-05
2.054980e+01 2.095951e-05
2.065290e+01 2.076963e-05
2.075640e+01 2.058144e-05
2.086040e+01 2.039504e-05
2.096500e+01 2.021023e-05
2.107010e+01 2.002707e-05
2.117570e+01 1.984559e-05
2.128180e+01 1.966571e-05
2.138850e+01 1.948746e-05
2.149570e+01 1.931080e-05
2.160350e+01 1.913574e-05
2.171170e+01 1.896226e-05
2.182060e+01 1.879032e-05
2.192990e+01 1.861997e-05
2.203990e+01 1.845110e-05
2.215040e+01 1.828373e-05
2.226140e+01 1.811789e-05
2.237300e+01 1.795353e-05
2.248510e+01 1.779067e-05
2.259780e+01 1.762924e-05
2.271110e+01 1.746929e-05
2.282490e+01 1.731073e-05
2.293930e+01 1.715366e-05
2.305430e+01 1.699797e-05
2.316990e+01 1.684366e-05
2.328600e+01 1.669074e-05
2.340280e+01 1.653926e-05
2.352010e+01 1.638905e-05
2.363790e+01 1.624029e-05
2.375640e+01 1.609280e-05
2.387550e+01 1.594664e-05
2.399520e+01 1.580182e-05
2.411550e+01 1.565828e-05
2.423630e+01 1.551603e-05
2.435780e+01 1.537510e-05
2.447990e+01 1.523541e-05
2.460260e+01 1.509694e-05
2.472590e+01 1.495976e-05
2.484990e+01 1.482381e-05
2.497440e+01 1.468908e-05
2.509960e+01 1.455554e-05
2.522550e+01 1.442323e-05
2.535190e+01 1.429214e-05
2.547900e+01 1.416219e-05
2.560670e+01 1.403341e-05
2.573500e+01 1.390582e-05
2.586400e+01 1.377935e-05
2.599370e+01 1.365401e-05
2.612400e+01 1.352985e-05
2.625490e+01 1.340676e-05
2.638650e+01 1.328475e-05
2.651880e+01 1.316392e-05
2.665170e+01 1.304412e-05
2.678530e+01 1.292544e-05
2.691960e+01 1.280784e-05
2.705450e+01 1.269127e-05
2.719010e+01 1.257572e-05
2.732640e+01 1.246124e-05
2.746340e+01 1.234780e-05
2.760100e+01 1.223537e-05
2.773940e+01 1.212398e-05
2.787840e+01 1.201361e-05
2.801820e+01 1.190421e-05
2.815860e+01 1.179578e-05
2.829980e+01 1.168833e-05
2.844160e+01 1.158186e-05
2.858420e+01 1.147636e-05
2.872750e+01 1.137178e-05
2.887150e+01 1.126817e-05
2.901620e+01 1.116549e-05
2.916160e+01 1.106378e-05
2.930780e+01 1.096295e-05
2.945470e+01 1.086303e-05
2.960230e+01 1.076399e-05
2.975070e+01 1.066587e-05
2.989990e+01 1.056862e-05
3.004970e+01 1.047225e-05
3.020040e+01 1.037679e-05
3.035170e+01 1.028216e-05
3.050390e+01 1.018840e-05
3.065680e+01 1.009545e-05
3.081040e+01 1.000338e-05
3.096490e+01 9.912133e-06
3.112010e+01 9.821703e-06
3.127610e+01 9.732093e-06
3.143290e+01 9.643304e-06
3.159040e+01 9.555335e-06
3.174870e+01 9.468083e-06
3.190790e+01 9.381703e-06
3.206780e+01 9.296040e-06
3.222860e+01 9.211198e-06
3.239010e+01 9.127125e-06
3.255250e+01 9.043769e-06
3.271570e+01 8.961183e-06
3.287960e+01 8.879365e-06
3.304440e+01 8.798316e-06
3.321010e+01 8.717934e-06
3.337650e+01 8.638321e-06
3.354380e+01 8.559425e-06
3.371200e+01 8.481248e-06
3.388100e+01 8.403736e-06
3.405080e+01 8.326942e-06
3.422150e+01 8.250866e-06
3.439300e+01 8.175457e-06
3.456540e+01 8.100765e-06
3.473870e+01 8.026739e-06
3.491280e+01 7.953329e-06
3.508780e+01 7.880636e-06
3.526370e+01 7.808610e-06
3.544040e+01 7.737199e-06
3.561810e+01 7.666455e-06
3.579660e+01 7.596377e-06
3.597600e+01 7.526914e-06
3.615640e+01 7.458066e-06
3.633760e+01 7.389833e-06
3.651980e+01 7.322267e-06
3.670280e+01 7.255265e-06
3.688680e+01 7.188878e-06
3.707170e+01 7.123106e-06
3.725750e+01 7.057949e-06
3.744420e+01 6.993356e-06
3.763190e+01 6.929327e-06
3.782060e+01 6.865913e-06
3.801020e+01 6.803064e-06
3.820070e+01 6.740778e-06
3.839220e+01 6.679107e-06
3.858460e+01 6.617949e-06
3.877800e+01 6.557354e-06
3.897240e+01 6.497273e-06
3.916770e+01 6.437806e-06
3.936410e+01 6.378853e-06
3.956140e+01 6.320411e-06
3.975970e+01 6.262483e-06
3.995900e+01 6.205118e-06
4.015930e+01 6.148266e-06
4.036060e+01 6.091927e-06
4.056290e+01 6.036151e-06
4.076620e+01 5.980837e-06
4.097050e+01 5.925985e-06
4.117590e+01 5.871696e-06
4.138230e+01 5.817869e-06
4.158970e+01 5.764503e-06
4.179820e+01 5.711701e-06
4.200770e+01 5.659309e-06
4.221830e+01 5.607429e-06
4.242990e+01 5.556011e-06
4.264260e+01 5.505055e-06
4.285630e+01 5.454559e-06
4.307110e+01 5.404526e-06
4.328700e+01 5.354953e-06
4.350400e+01 5.305791e-06
4.372210e+01 5.257141e-06
4.394130e+01 5.208902e-06
4.416150e+01 5.161123e-06
4.438280e+01 5.113735e-06
4.460530e+01 5.066797e-06
4.482890e+01 5.020290e-06
4.505360e+01 4.974209e-06
4.527950e+01 4.928543e-06
4.550640e+01 4.883292e-06
4.573450e+01 4.838451e-06
4.596370e+01 4.794031e-06
4.619410e+01 4.750000e-06
4.642570e+01 4.706374e-06
4.665840e+01 4.663148e-06
4.689230e+01 4.620312e-06
4.712730e+01 4.577865e-06
4.736360e+01 4.535808e-06
4.760100e+01 4.494130e-06
4.783960e+01 4.452832e-06
4.807940e+01 4.411918e-06
4.832040e+01 4.371368e-06
4.856260e+01 4.331187e-06
4.880600e+01 4.291375e-06
4.905060e+01 4.251922e-06
4.929650e+01 4.212833e-06
4.954360e+01 4.174093e-06
4.979200e+01 4.135712e-06
5.004150e+01 4.097689e-06
5.029240e+01 4.060000e-06
5.054450e+01 4.022659e-06
5.079780e+01 3.985656e-06
5.105240e+01 3.948987e-06
5.130840e+01 3.912656e-06
5.156550e+01 3.876653e-06
5.182400e+01 3.840979e-06
5.208370e+01 3.805637e-06
5.234480e+01 3.770613e-06
5.260720e+01 3.735907e-06
5.287090e+01 3.701519e-06
5.313590e+01 3.667444e-06
5.340230e+01 3.633676e-06
5.367000e+01 3.600221e-06
5.393900e+01 3.567069e-06
5.420940e+01 3.534214e-06
5.448100e+01 3.501671e-06
5.475410e+01 3.469416e-06
5.502860e+01 3.437458e-06
5.530440e+01 3.405792e-06
5.558170e+01 3.374413e-06
5.586030e+01 3.343321e-06
5.614030e+01 3.312512e-06
5.642170e+01 3.281984e-06
5.670450e+01 3.251738e-06
5.698870e+01 3.221764e-06
5.727440e+01 3.192066e-06
5.756150e+01 3.162636e-06
5.785000e+01 3.133477e-06
5.814000e+01 3.104584e-06
5.843140e+01 3.075953e-06
5.872430e+01 3.047589e-06
5.901860e+01 3.019480e-06
5.931450e+01 2.991629e-06
5.961180e+01 2.964033e-06
5.991060e+01 2.936684e-06
6.021090e+01 2.909585e-06
6.051270e+01 2.882738e-06
6.081600e+01 2.856137e-06
6.112090e+01 2.829777e-06
6.142730e+01 2.803653e-06
6.173510e+01 2.777780e-06
6.204460e+01 2.752133e-06
6.235560e+01 2.726726e-06
6.266810e+01 2.701545e-06
6.298230e+01 2.676595e-06
6.329800e+01 2.651875e-06
6.361530e+01 2.627381e-06
6.393420e+01 2.603113e-06
6.425460e+01 2.579070e-06
6.457670e+01 2.555242e-06
6.490040e+01 2.531630e-06
6.522570e+01 2.508238e-06
6.555260e+01 2.485056e-06
6.588120e+01 2.462085e-06
6.621150e+01 2.439329e-06
6.654340e+01 2.416778e-06
6.687690e+01 2.394437e-06
6.721210e+01 2.372296e-06
6.754900e+01 2.350360e-06
6.788760e+01 2.328624e-06
6.822790e+01 2.307088e-06
6.856990e+01 2.285747e-06
6.891360e+01 2.264600e-06
6.925900e+01 2.243648e-06
6.960620e+01 2.222886e-06
6.995510e+01 2.202324e-06
7.030570e+01 2.181942e-06
7.065810e+01 2.161744e-06
7.101230e+01 2.141735e-06
7.136830e+01 2.121906e-06
7.172600e+01 2.102262e-06
7.208560e+01 2.082797e-06
7.244690e+01 2.063511e-06
7.281000e+01 2.044400e-06
7.317490e+01 2.025468e-06
7.354170e+01 2.006705e-06
7.391040e+01 1.988112e-06
7.428090e+01 1.969693e-06
7.465320e+01 1.951443e-06
7.502740e+01 1.933357e-06
7.540350e+01 1.915440e-06
7.578140e+01 1.897687e-06
7.616130e+01 1.880098e-06
7.654300e+01 1.862663e-06
7.692670e+01 1.845392e-06
7.731230e+01 1.828280e-06
7.769990e+01 1.811327e-06
7.808930e+01 1.794528e-06
7.848080e+01 1.777877e-06
7.887420e+01 1.761386e-06
7.926950e+01 1.745048e-06
7.966680e+01 1.728854e-06
8.006620e+01 1.712808e-06
8.046750e+01 1.696911e-06
8.087080e+01 1.681162e-06
8.127620e+01 1.665553e-06
8.168360e+01 1.650091e-06
8.209310e+01 1.634768e-06
8.250450e+01 1.619589e-06
8.291810e+01 1.604548e-06
8.333370e+01 1.589646e-06
8.375140e+01 1.574876e-06
8.417120e+01 1.560246e-06
8.459320e+01 1.545748e-06
8.501720e+01 1.531384e-06
8.544340e+01 1.517148e-06
8.587160e+01 1.503050e-06
8.630200e+01 1.489076e-06
8.673460e+01 1.475234e-06
8.716940e+01 1.461516e-06
8.760630e+01 1.447926e-06
8.804540e+01 1.434459e-06
8.848680e+01 1.421115e-06
8.893030e+01 1.407899e-06
8.937610e+01 1.394796e-06
8.982410e+01 1.381821e-06
9.027440e+01 1.368959e-06
9.072680e+01 1.356219e-06
9.118170e+01 1.343588e-06
9.163870e+01 1.331085e-06
9.209790e+01 1.318694e-06
9.255970e+01 1.306411e-06
9.302360e+01 1.294246e-06
9.348990e+01 1.282189e-06
9.395850e+01 1.270244e-06
9.442960e+01 1.258407e-06
9.490280e+01 1.246683e-06
9.537840e+01 1.235067e-06
9.585660e+01 1.223553e-06
9.633700e+01 1.212152e-06
9.682000e+01 1.200848e-06
9.730530e+01 1.189652e-06
9.779310e+01 1.178558e-06
9.828320e+01 1.167567e-06
9.877600e+01 1.156674e-06
9.927100e+01 1.145888e-06
9.976850e+01 1.135194e-06
1.002690e+02 1.124598e-06
