9.60432e-06 9.99996e-01
9.68168e-06 9.99996e-01
9.75967e-06 9.99996e-01
9.83829e-06 9.99996e-01
9.91754e-06 9.99996e-01
9.99743e-06 9.99996e-01
1.00780e-05 9.99996e-01
1.01591e-05 9.99996e-01
1.02410e-05 9.99996e-01
1.03235e-05 9.99996e-01
1.04066e-05 9.99996e-01
1.04905e-05 9.99996e-01
1.05750e-05 9.99996e-01
1.06602e-05 9.99996e-01
1.07460e-05 9.99996e-01
1.08326e-05 9.99996e-01
1.09199e-05 9.99996e-01
1.10078e-05 9.99996e-01
1.10965e-05 9.99996e-01
1.11859e-05 9.99996e-01
1.12760e-05 9.99996e-01
1.13668e-05 9.99996e-01
1.14584e-05 9.99996e-01
1.15507e-05 9.99996e-01
1.16437e-05 9.99996e-01
1.17375e-05 9.99996e-01
1.18321e-05 9.99996e-01
1.19274e-05 9.99996e-01
1.20235e-05 9.99996e-01
1.21203e-05 9.99996e-01
1.22179e-05 9.99996e-01
1.23164e-05 9.99996e-01
1.24156e-05 9.99996e-01
1.25156e-05 9.99996e-01
1.26164e-05 9.99996e-01
1.27180e-05 9.99996e-01
1.28205e-05 9.99996e-01
1.29238e-05 9.99996e-01
1.30279e-05 9.99996e-01
1.31328e-05 9.99996e-01
1.32386e-05 9.99996e-01
1.33452e-05 9.99996e-01
1.34527e-05 9.99996e-01
1.35611e-05 9.99996e-01
1.36704e-05 9.99996e-01
1.37805e-05 9.99996e-01
1.38915e-05 9.99996e-01
1.40034e-05 9.99996e-01
1.41162e-05 9.99996e-01
1.42299e-05 9.99996e-01
1.43445e-05 9.99996e-01
1.44601e-05 9.99996e-01
1.45766e-05 9.99996e-01
1.46940e-05 9.99996e-01
1.48123e-05 9.99996e-01
1.49317e-05 9.99996e-01
1.50519e-05 9.99996e-01
1.51732e-05 9.99996e-01
1.52954e-05 9.99996e-01
1.54186e-05 9.99993e-01
1.55428e-05 9.99991e-01
1.56680e-05 9.99992e-01
1.57942e-05 9.99992e-01
1.59215e-05 9.99992e-01
1.60497e-05 9.99992e-01
1.61790e-05 9.99992e-01
1.63093e-05 9.99992e-01
1.64407e-05 9.99992e-01
1.65732e-05 9.99992e-01
1.67067e-05 9.99992e-01
1.68412e-05 9.99992e-01
1.69769e-05 9.99992e-01
1.71137e-05 9.99992e-01
1.72515e-05 9.99992e-01
1.73905e-05 9.99992e-01
1.75306e-05 9.99992e-01
1.76718e-05 9.99992e-01
1.78141e-05 9.99992e-01
1.79576e-05 9.99992e-01
1.81023e-05 9.99992e-01
1.82481e-05 9.99992e-01
1.83951e-05 9.99992e-01
1.85433e-05 9.99992e-01
1.86927e-05 9.99992e-01
1.88432e-05 9.99992e-01
1.89950e-05 9.99992e-01
1.91480e-05 9.99992e-01
1.93023e-05 9.99992e-01
1.94578e-05 9.99992e-01
1.96145e-05 9.99992e-01
1.97725e-05 9.99992e-01
1.99318e-05 9.99992e-01
2.00923e-05 9.99991e-01
2.02542e-05 9.99988e-01
2.04174e-05 9.99988e-01
2.05818e-05 9.99988e-01
2.07476e-05 9.99988e-01
2.09147e-05 9.99988e-01
2.10832e-05 9.99988e-01
2.12531e-05 9.99988e-01
2.14243e-05 9.99988e-01
2.15968e-05 9.99988e-01
2.17708e-05 9.99988e-01
2.19462e-05 9.99988e-01
2.21230e-05 9.99988e-01
2.23012e-05 9.99988e-01
2.24808e-05 9.99988e-01
2.26619e-05 9.99988e-01
2.28445e-05 9.99988e-01
2.30285e-05 9.99988e-01
2.32140e-05 9.99988e-01
2.34010e-05 9.99988e-01
2.35895e-05 9.99988e-01
2.37795e-05 9.99988e-01
2.39711e-05 9.99984e-01
2.41642e-05 9.99983e-01
2.43588e-05 9.99984e-01
2.45550e-05 9.99984e-01
2.47528e-05 9.99984e-01
2.49522e-05 9.99984e-01
2.51532e-05 9.99984e-01
2.53558e-05 9.99984e-01
2.55601e-05 9.99984e-01
2.57660e-05 9.99984e-01
2.59735e-05 9.99984e-01
2.61828e-05 9.99984e-01
2.63937e-05 9.99984e-01
2.66063e-05 9.99984e-01
2.68206e-05 9.99984e-01
2.70367e-05 9.99984e-01
2.72545e-05 9.99981e-01
2.74740e-05 9.99979e-01
2.76953e-05 9.99980e-01
2.79184e-05 9.99980e-01
2.81433e-05 9.99980e-01
2.83700e-05 9.99980e-01
2.85985e-05 9.99980e-01
2.88289e-05 9.99980e-01
2.90611e-05 9.99980e-01
2.92952e-05 9.99980e-01
2.95312e-05 9.99979e-01
2.97691e-05 9.99980e-01
3.00089e-05 9.99979e-01
3.02507e-05 9.99975e-01
3.04943e-05 9.99975e-01
3.07400e-05 9.99976e-01
3.09876e-05 9.99975e-01
3.12372e-05 9.99975e-01
3.14888e-05 9.99975e-01
3.17425e-05 9.99976e-01
3.19982e-05 9.99975e-01
3.22560e-05 9.99976e-01
3.25158e-05 9.99974e-01
3.27777e-05 9.99971e-01
3.30417e-05 9.99971e-01
3.33079e-05 9.99971e-01
3.35762e-05 9.99971e-01
3.38467e-05 9.99971e-01
3.41193e-05 9.99971e-01
3.43942e-05 9.99971e-01
3.46712e-05 9.99971e-01
3.49505e-05 9.99972e-01
3.52321e-05 9.99970e-01
3.55159e-05 9.99967e-01
3.58020e-05 9.99967e-01
3.60904e-05 9.99967e-01
3.63811e-05 9.99967e-01
3.66742e-05 9.99967e-01
3.69696e-05 9.99967e-01
3.72674e-05 9.99967e-01
3.75676e-05 9.99964e-01
3.78702e-05 9.99963e-01
3.81753e-05 9.99963e-01
3.84828e-05 9.99963e-01
3.87928e-05 9.99963e-01
3.91053e-05 9.99963e-01
3.94203e-05 9.99964e-01
3.97378e-05 9.99962e-01
4.00579e-05 9.99959e-01
4.03806e-05 9.99959e-01
4.07059e-05 9.99959e-01
4.10338e-05 9.99959e-01
4.13643e-05 9.99959e-01
4.16975e-05 9.99959e-01
4.20334e-05 9.99955e-01
4.23720e-05 9.99955e-01
4.27133e-05 9.99955e-01
4.30574e-05 9.99955e-01
4.34043e-05 9.99954e-01
4.37539e-05 9.99951e-01
4.41064e-05 9.99951e-01
4.44617e-05 9.99951e-01
4.48198e-05 9.99951e-01
4.51808e-05 9.99950e-01
4.55448e-05 9.99947e-01
4.59117e-05 9.99947e-01
4.62815e-05 9.99947e-01
4.66543e-05 9.99947e-01
4.70301e-05 9.99946e-01
4.74090e-05 9.99943e-01
4.77909e-05 9.99943e-01
4.81759e-05 9.99943e-01
4.85639e-05 9.99943e-01
4.89551e-05 9.99942e-01
4.93495e-05 9.99939e-01
4.97470e-05 9.99939e-01
5.01478e-05 9.99939e-01
5.05517e-05 9.99937e-01
5.09589e-05 9.99934e-01
5.13694e-05 9.99935e-01
5.17832e-05 9.99935e-01
5.22004e-05 9.99932e-01
5.26208e-05 9.99930e-01
5.30447e-05 9.99931e-01
5.34720e-05 9.99930e-01
5.39028e-05 9.99927e-01
5.43370e-05 9.99926e-01
5.47747e-05 9.99927e-01
5.52159e-05 9.99926e-01
5.56607e-05 9.99922e-01
5.61091e-05 9.99922e-01
5.65610e-05 9.99923e-01
5.70167e-05 9.99920e-01
5.74759e-05 9.99918e-01
5.79389e-05 9.99918e-01
5.84057e-05 9.99915e-01
5.88761e-05 9.99914e-01
5.93504e-05 9.99915e-01
5.98285e-05 9.99913e-01
6.03104e-05 9.99910e-01
6.07963e-05 9.99910e-01
6.12860e-05 9.99907e-01
6.17797e-05 9.99906e-01
6.22773e-05 9.99905e-01
6.27790e-05 9.99902e-01
6.32847e-05 9.99902e-01
6.37945e-05 9.99899e-01
6.43084e-05 9.99898e-01
6.48264e-05 9.99897e-01
6.53486e-05 9.99894e-01
6.58750e-05 9.99894e-01
6.64057e-05 9.99891e-01
6.69406e-05 9.99890e-01
6.74798e-05 9.99889e-01
6.80234e-05 9.99885e-01
6.85714e-05 9.99886e-01
6.91237e-05 9.99883e-01
6.96806e-05 9.99881e-01
7.02419e-05 9.99881e-01
7.08077e-05 9.99877e-01
7.13781e-05 9.99873e-01
7.19530e-05 9.99874e-01
7.25326e-05 9.99872e-01
7.31169e-05 9.99867e-01
7.37059e-05 9.99865e-01
7.42996e-05 9.99865e-01
7.48982e-05 9.99862e-01
7.55015e-05 9.99858e-01
7.61097e-05 9.99857e-01
7.67228e-05 9.99857e-01
7.73408e-05 9.99853e-01
7.79638e-05 9.99849e-01
7.85918e-05 9.99849e-01
7.92249e-05 9.99848e-01
7.98631e-05 9.99844e-01
8.05064e-05 9.99841e-01
8.11550e-05 9.99837e-01
8.18087e-05 9.99837e-01
8.24677e-05 9.99835e-01
8.31320e-05 9.99832e-01
8.38017e-05 9.99828e-01
8.44767e-05 9.99825e-01
8.51572e-05 9.99822e-01
8.58432e-05 9.99819e-01
8.65347e-05 9.99815e-01
8.72317e-05 9.99812e-01
8.79344e-05 9.99808e-01
8.86428e-05 9.99808e-01
8.93568e-05 9.99807e-01
9.00766e-05 9.99803e-01
9.08022e-05 9.99800e-01
9.15337e-05 9.99797e-01
9.22710e-05 9.99793e-01
9.30143e-05 9.99790e-01
9.37636e-05 9.99786e-01
9.45189e-05 9.99779e-01
9.52803e-05 9.99776e-01
9.60478e-05 9.99773e-01
9.68215e-05 9.99769e-01
9.76014e-05 9.99766e-01
9.83876e-05 9.99763e-01
9.91802e-05 9.99760e-01
9.99791e-05 9.99757e-01
1.00784e-04 9.99751e-01
1.01596e-04 9.99745e-01
1.02415e-04 9.99743e-01
1.03240e-04 9.99739e-01
1.04071e-04 9.99736e-01
1.04910e-04 9.99731e-01
1.05755e-04 9.99725e-01
1.06607e-04 9.99722e-01
1.07465e-04 9.99719e-01
1.08331e-04 9.99713e-01
1.09204e-04 9.99708e-01
1.10083e-04 9.99704e-01
1.10970e-04 9.99697e-01
1.11864e-04 9.99694e-01
1.12765e-04 9.99688e-01
1.13674e-04 9.99684e-01
1.14589e-04 9.99679e-01
1.15512e-04 9.99673e-01
1.16443e-04 9.99670e-01
1.17381e-04 9.99664e-01
1.18326e-04 9.99656e-01
1.19280e-04 9.99652e-01
1.20240e-04 9.99648e-01
1.21209e-04 9.99641e-01
1.22185e-04 9.99635e-01
1.23170e-04 9.99628e-01
1.24162e-04 9.99623e-01
1.25162e-04 9.99620e-01
1.26170e-04 9.99613e-01
1.27187e-04 9.99606e-01
1.28211e-04 9.99600e-01
1.29244e-04 9.99593e-01
1.30285e-04 9.99587e-01
1.31334e-04 9.99580e-01
1.32392e-04 9.99573e-01
1.33459e-04 9.99567e-01
1.34534e-04 9.99561e-01
1.35618e-04 9.99553e-01
1.36710e-04 9.99543e-01
1.37811e-04 9.99536e-01
1.38921e-04 9.99530e-01
1.40041e-04 9.99524e-01
1.41169e-04 9.99516e-01
1.42306e-04 9.99506e-01
1.43452e-04 9.99500e-01
1.44608e-04 9.99491e-01
1.45773e-04 9.99482e-01
1.46947e-04 9.99476e-01
1.48131e-04 9.99465e-01
1.49324e-04 9.99459e-01
1.50527e-04 9.99450e-01
1.51739e-04 9.99440e-01
1.52961e-04 9.99430e-01
1.54194e-04 9.99420e-01
1.55436e-04 9.99414e-01
1.56688e-04 9.99405e-01
1.57950e-04 9.99395e-01
1.59222e-04 9.99385e-01
1.60505e-04 9.99375e-01
1.61798e-04 9.99365e-01
1.63101e-04 9.99356e-01
1.64415e-04 9.99344e-01
1.65739e-04 9.99332e-01
1.67075e-04 9.99322e-01
1.68420e-04 9.99312e-01
1.69777e-04 9.99303e-01
1.71145e-04 9.99291e-01
1.72523e-04 9.99278e-01
1.73913e-04 9.99269e-01
1.75314e-04 9.99256e-01
1.76726e-04 9.99242e-01
1.78150e-04 9.99231e-01
1.79585e-04 9.99221e-01
1.81032e-04 9.99207e-01
1.82490e-04 9.99194e-01
1.83960e-04 9.99181e-01
1.85442e-04 9.99168e-01
1.86936e-04 9.99155e-01
1.88441e-04 9.99142e-01
1.89959e-04 9.99129e-01
1.91490e-04 9.99116e-01
1.93032e-04 9.99101e-01
1.94587e-04 9.99085e-01
1.96154e-04 9.99072e-01
1.97735e-04 9.99056e-01
1.99327e-04 9.99042e-01
2.00933e-04 9.99028e-01
2.02552e-04 9.99011e-01
2.04183e-04 9.98994e-01
2.05828e-04 9.98978e-01
2.07486e-04 9.98962e-01
2.09157e-04 9.98945e-01
2.10842e-04 9.98929e-01
2.12541e-04 9.98912e-01
2.14253e-04 9.98896e-01
2.15979e-04 9.98880e-01
2.17719e-04 9.98862e-01
2.19472e-04 9.98841e-01
2.21240e-04 9.98822e-01
2.23022e-04 9.98806e-01
2.24819e-04 9.98787e-01
2.26630e-04 9.98767e-01
2.28456e-04 9.98747e-01
2.30296e-04 9.98728e-01
2.32151e-04 9.98708e-01
2.34021e-04 9.98689e-01
2.35906e-04 9.98667e-01
2.37806e-04 9.98645e-01
2.39722e-04 9.98625e-01
2.41653e-04 9.98602e-01
2.43600e-04 9.98579e-01
2.45562e-04 9.98558e-01
2.47540e-04 9.98538e-01
2.49534e-04 9.98514e-01
2.51544e-04 9.98488e-01
2.53571e-04 9.98464e-01
2.55613e-04 9.98442e-01
2.57672e-04 9.98418e-01
2.59748e-04 9.98391e-01
2.61840e-04 9.98365e-01
2.63949e-04 9.98342e-01
2.66076e-04 9.98317e-01
2.68219e-04 9.98289e-01
2.70380e-04 9.98260e-01
2.72558e-04 9.98234e-01
2.74753e-04 9.98208e-01
2.76966e-04 9.98179e-01
2.79198e-04 9.98150e-01
2.81447e-04 9.98120e-01
2.83714e-04 9.98091e-01
2.85999e-04 9.98061e-01
2.88303e-04 9.98032e-01
2.90625e-04 9.98001e-01
2.92966e-04 9.97968e-01
2.95326e-04 9.97939e-01
2.97705e-04 9.97907e-01
3.00104e-04 9.97874e-01
3.02521e-04 9.97841e-01
3.04958e-04 9.97808e-01
3.07414e-04 9.97772e-01
3.09891e-04 9.97739e-01
3.12387e-04 9.97704e-01
3.14903e-04 9.97667e-01
3.17440e-04 9.97632e-01
3.19997e-04 9.97595e-01
3.22575e-04 9.97556e-01
3.25173e-04 9.97519e-01
3.27793e-04 9.97482e-01
3.30433e-04 9.97442e-01
3.33095e-04 9.97403e-01
3.35778e-04 9.97364e-01
3.38483e-04 9.97322e-01
3.41210e-04 9.97279e-01
3.43958e-04 9.97237e-01
3.46729e-04 9.97194e-01
3.49522e-04 9.97151e-01
3.52338e-04 9.97109e-01
3.55176e-04 9.97065e-01
3.58037e-04 9.97019e-01
3.60921e-04 9.96973e-01
3.63828e-04 9.96927e-01
3.66759e-04 9.96881e-01
3.69713e-04 9.96834e-01
3.72692e-04 9.96784e-01
3.75694e-04 9.96735e-01
3.78720e-04 9.96686e-01
3.81771e-04 9.96635e-01
3.84846e-04 9.96582e-01
3.87946e-04 9.96530e-01
3.91071e-04 9.96477e-01
3.94222e-04 9.96425e-01
3.97397e-04 9.96370e-01
4.00598e-04 9.96314e-01
4.03825e-04 9.96258e-01
4.07078e-04 9.96203e-01
4.10358e-04 9.96147e-01
4.13663e-04 9.96089e-01
4.16995e-04 9.96030e-01
4.20354e-04 9.95970e-01
4.23741e-04 9.95907e-01
4.27154e-04 9.95845e-01
4.30595e-04 9.95783e-01
4.34063e-04 9.95721e-01
4.37560e-04 9.95657e-01
4.41085e-04 9.95591e-01
4.44638e-04 9.95526e-01
4.48219e-04 9.95458e-01
4.51830e-04 9.95389e-01
4.55470e-04 9.95320e-01
4.59139e-04 9.95251e-01
4.62837e-04 9.95179e-01
4.66566e-04 9.95107e-01
4.70324e-04 9.95035e-01
4.74113e-04 9.94962e-01
4.77932e-04 9.94886e-01
4.81782e-04 9.94811e-01
4.85663e-04 9.94735e-01
4.89575e-04 9.94659e-01
4.93519e-04 9.94578e-01
4.97494e-04 9.94496e-01
5.01501e-04 9.94418e-01
5.05541e-04 9.94337e-01
5.09614e-04 9.94252e-01
5.13719e-04 9.94167e-01
5.17857e-04 9.94081e-01
5.22028e-04 9.93993e-01
5.26234e-04 9.93908e-01
5.30473e-04 9.93818e-01
5.34746e-04 9.93727e-01
5.39053e-04 9.93638e-01
5.43396e-04 9.93543e-01
5.47773e-04 9.93451e-01
5.52185e-04 9.93355e-01
5.56634e-04 9.93257e-01
5.61117e-04 9.93163e-01
5.65637e-04 9.93064e-01
5.70194e-04 9.92963e-01
5.74787e-04 9.92861e-01
5.79417e-04 9.92758e-01
5.84085e-04 9.92653e-01
5.88790e-04 9.92548e-01
5.93532e-04 9.92444e-01
5.98314e-04 9.92334e-01
6.03133e-04 9.92224e-01
6.07992e-04 9.92115e-01
6.12889e-04 9.92000e-01
6.17826e-04 9.91889e-01
6.22803e-04 9.91773e-01
6.27820e-04 9.91654e-01
6.32877e-04 9.91537e-01
6.37976e-04 9.91418e-01
6.43115e-04 9.91298e-01
6.48295e-04 9.91174e-01
6.53517e-04 9.91049e-01
6.58782e-04 9.90924e-01
6.64089e-04 9.90796e-01
6.69438e-04 9.90668e-01
6.74831e-04 9.90539e-01
6.80267e-04 9.90406e-01
6.85746e-04 9.90271e-01
6.91270e-04 9.90137e-01
6.96839e-04 9.89999e-01
7.02452e-04 9.89862e-01
7.08111e-04 9.89723e-01
7.13815e-04 9.89580e-01
7.19565e-04 9.89436e-01
7.25361e-04 9.89293e-01
7.31204e-04 9.89143e-01
7.37094e-04 9.88994e-01
7.43032e-04 9.88845e-01
7.49017e-04 9.88690e-01
7.55051e-04 9.88537e-01
7.61133e-04 9.88381e-01
7.67264e-04 9.88221e-01
7.73445e-04 9.88060e-01
7.79675e-04 9.87900e-01
7.85956e-04 9.87736e-01
7.92287e-04 9.87569e-01
7.98669e-04 9.87402e-01
8.05103e-04 9.87234e-01
8.11588e-04 9.87064e-01
8.18126e-04 9.86890e-01
8.24716e-04 9.86714e-01
8.31360e-04 9.86535e-01
8.38057e-04 9.86354e-01
8.44808e-04 9.86174e-01
8.51613e-04 9.85991e-01
8.58473e-04 9.85805e-01
8.65388e-04 9.85616e-01
8.72359e-04 9.85425e-01
8.79386e-04 9.85231e-01
8.86470e-04 9.85038e-01
8.93611e-04 9.84839e-01
9.00809e-04 9.84639e-01
9.08066e-04 9.84438e-01
9.15381e-04 9.84235e-01
9.22754e-04 9.84028e-01
9.30187e-04 9.83819e-01
9.37680e-04 9.83610e-01
9.45234e-04 9.83398e-01
9.52848e-04 9.83180e-01
9.60524e-04 9.82961e-01
9.68261e-04 9.82741e-01
9.76061e-04 9.82521e-01
9.83923e-04 9.82295e-01
9.91849e-04 9.82065e-01
9.99839e-04 9.81836e-01
1.00789e-03 9.81604e-01
1.01601e-03 9.81367e-01
1.02420e-03 9.81127e-01
1.03245e-03 9.80888e-01
1.04076e-03 9.80646e-01
1.04915e-03 9.80397e-01
1.05760e-03 9.80148e-01
1.06612e-03 9.79898e-01
1.07471e-03 9.79644e-01
1.08336e-03 9.79385e-01
1.09209e-03 9.79127e-01
1.10089e-03 9.78864e-01
1.10976e-03 9.78596e-01
1.11869e-03 9.78328e-01
1.12771e-03 9.78059e-01
1.13679e-03 9.77785e-01
1.14595e-03 9.77507e-01
1.15518e-03 9.77227e-01
1.16448e-03 9.76944e-01
1.17386e-03 9.76655e-01
1.18332e-03 9.76367e-01
1.19285e-03 9.76075e-01
1.20246e-03 9.75778e-01
1.21215e-03 9.75479e-01
1.22191e-03 9.75177e-01
1.23175e-03 9.74873e-01
1.24168e-03 9.74563e-01
1.25168e-03 9.74252e-01
1.26176e-03 9.73940e-01
1.27193e-03 9.73621e-01
1.28217e-03 9.73297e-01
1.29250e-03 9.72973e-01
1.30291e-03 9.72646e-01
1.31341e-03 9.72314e-01
1.32399e-03 9.71979e-01
1.33465e-03 9.71639e-01
1.34540e-03 9.71298e-01
1.35624e-03 9.70955e-01
1.36717e-03 9.70605e-01
1.37818e-03 9.70251e-01
1.38928e-03 9.69894e-01
1.40047e-03 9.69535e-01
1.41175e-03 9.69171e-01
1.42313e-03 9.68803e-01
1.43459e-03 9.68432e-01
1.44615e-03 9.68056e-01
1.45780e-03 9.67676e-01
1.46954e-03 9.67295e-01
1.48138e-03 9.66909e-01
1.49331e-03 9.66519e-01
1.50534e-03 9.66126e-01
1.51746e-03 9.65729e-01
1.52969e-03 9.65325e-01
1.54201e-03 9.64917e-01
1.55443e-03 9.64507e-01
1.56695e-03 9.64094e-01
1.57958e-03 9.63677e-01
1.59230e-03 9.63253e-01
1.60513e-03 9.62826e-01
1.61806e-03 9.62396e-01
1.63109e-03 9.61961e-01
1.64423e-03 9.61520e-01
1.65747e-03 9.61076e-01
1.67083e-03 9.60628e-01
1.68428e-03 9.60175e-01
1.69785e-03 9.59720e-01
1.71153e-03 9.59259e-01
1.72532e-03 9.58793e-01
1.73921e-03 9.58322e-01
1.75322e-03 9.57847e-01
1.76735e-03 9.57368e-01
1.78158e-03 9.56885e-01
1.79594e-03 9.56396e-01
1.81040e-03 9.55902e-01
1.82499e-03 9.55403e-01
1.83969e-03 9.54902e-01
1.85451e-03 9.54392e-01
1.86944e-03 9.53879e-01
1.88450e-03 9.53363e-01
1.89968e-03 9.52840e-01
1.91499e-03 9.52312e-01
1.93041e-03 9.51783e-01
1.94596e-03 9.51246e-01
1.96164e-03 9.50704e-01
1.97744e-03 9.50158e-01
1.99337e-03 9.49604e-01
2.00943e-03 9.49048e-01
2.02561e-03 9.48485e-01
2.04193e-03 9.47916e-01
2.05838e-03 9.47345e-01
2.07496e-03 9.46769e-01
2.09167e-03 9.46183e-01
2.10852e-03 9.45594e-01
2.12551e-03 9.45002e-01
2.14263e-03 9.44404e-01
2.15989e-03 9.43797e-01
2.17729e-03 9.43185e-01
2.19483e-03 9.42571e-01
2.21251e-03 9.41951e-01
2.23033e-03 9.41323e-01
2.24830e-03 9.40690e-01
2.26641e-03 9.40052e-01
2.28466e-03 9.39410e-01
2.30307e-03 9.38760e-01
2.32162e-03 9.38103e-01
2.34032e-03 9.37444e-01
2.35917e-03 9.36777e-01
2.37818e-03 9.36104e-01
2.39734e-03 9.35424e-01
2.41665e-03 9.34738e-01
2.43611e-03 9.34050e-01
2.45574e-03 9.33353e-01
2.47552e-03 9.32651e-01
2.49546e-03 9.31942e-01
2.51556e-03 9.31226e-01
2.53583e-03 9.30508e-01
2.55625e-03 9.29778e-01
2.57685e-03 9.29045e-01
2.59760e-03 9.28308e-01
2.61853e-03 9.27560e-01
2.63962e-03 9.26806e-01
2.66088e-03 9.26050e-01
2.68232e-03 9.25284e-01
2.70393e-03 9.24511e-01
2.72571e-03 9.23736e-01
2.74766e-03 9.22952e-01
2.76980e-03 9.22160e-01
2.79211e-03 9.21362e-01
2.81460e-03 9.20558e-01
2.83727e-03 9.19746e-01
2.86013e-03 9.18929e-01
2.88317e-03 9.18104e-01
2.90639e-03 9.17274e-01
2.92980e-03 9.16436e-01
2.95341e-03 9.15592e-01
2.97720e-03 9.14742e-01
3.00118e-03 9.13881e-01
3.02535e-03 9.13017e-01
3.04972e-03 9.12146e-01
3.07429e-03 9.11264e-01
3.09906e-03 9.10379e-01
3.12402e-03 9.09485e-01
3.14919e-03 9.08586e-01
3.17455e-03 9.07678e-01
3.20013e-03 9.06760e-01
3.22590e-03 9.05839e-01
3.25189e-03 9.04912e-01
3.27808e-03 9.03974e-01
3.30449e-03 9.03030e-01
3.33111e-03 9.02079e-01
3.35794e-03 9.01117e-01
3.38499e-03 9.00155e-01
3.41226e-03 8.99181e-01
3.43975e-03 8.98199e-01
3.46746e-03 8.97209e-01
3.49539e-03 8.96211e-01
3.52354e-03 8.95209e-01
3.55193e-03 8.94199e-01
3.58054e-03 8.93179e-01
3.60938e-03 8.92150e-01
3.63846e-03 8.91116e-01
3.66777e-03 8.90074e-01
3.69731e-03 8.89025e-01
3.72710e-03 8.87967e-01
3.75712e-03 8.86902e-01
3.78738e-03 8.85828e-01
3.81789e-03 8.84743e-01
3.84865e-03 8.83653e-01
3.87965e-03 8.82556e-01
3.91090e-03 8.81452e-01
3.94240e-03 8.80339e-01
3.97416e-03 8.79214e-01
4.00618e-03 8.78085e-01
4.03845e-03 8.76947e-01
4.07098e-03 8.75799e-01
4.10377e-03 8.74643e-01
4.13683e-03 8.73480e-01
4.17015e-03 8.72309e-01
4.20374e-03 8.71129e-01
4.23761e-03 8.69942e-01
4.27174e-03 8.68747e-01
4.30615e-03 8.67540e-01
4.34084e-03 8.66326e-01
4.37581e-03 8.65104e-01
4.41106e-03 8.63875e-01
4.44659e-03 8.62636e-01
4.48241e-03 8.61387e-01
4.51852e-03 8.60130e-01
4.55492e-03 8.58866e-01
4.59161e-03 8.57593e-01
4.62859e-03 8.56313e-01
4.66588e-03 8.55021e-01
4.70346e-03 8.53721e-01
4.74135e-03 8.52412e-01
4.77955e-03 8.51093e-01
4.81805e-03 8.49766e-01
4.85686e-03 8.48432e-01
4.89598e-03 8.47087e-01
4.93542e-03 8.45733e-01
4.97518e-03 8.44373e-01
5.01525e-03 8.43003e-01
5.05565e-03 8.41622e-01
5.09638e-03 8.40234e-01
5.13743e-03 8.38836e-01
5.17882e-03 8.37426e-01
5.22053e-03 8.36009e-01
5.26259e-03 8.34586e-01
5.30498e-03 8.33149e-01
5.34771e-03 8.31703e-01
5.39079e-03 8.30250e-01
5.43422e-03 8.28788e-01
5.47799e-03 8.27316e-01
5.52212e-03 8.25836e-01
5.56660e-03 8.24343e-01
5.61144e-03 8.22841e-01
5.65664e-03 8.21334e-01
5.70221e-03 8.19815e-01
5.74814e-03 8.18286e-01
5.79445e-03 8.16746e-01
5.84112e-03 8.15198e-01
5.88818e-03 8.13640e-01
5.93561e-03 8.12073e-01
5.98342e-03 8.10498e-01
6.03162e-03 8.08912e-01
6.08021e-03 8.07315e-01
6.12919e-03 8.05708e-01
6.17856e-03 8.04091e-01
6.22833e-03 8.02467e-01
6.27850e-03 8.00833e-01
6.32908e-03 7.99186e-01
6.38006e-03 7.97531e-01
6.43145e-03 7.95868e-01
6.48326e-03 7.94195e-01
6.53549e-03 7.92510e-01
6.58813e-03 7.90816e-01
6.64120e-03 7.89110e-01
6.69470e-03 7.87394e-01
6.74863e-03 7.85671e-01
6.80299e-03 7.83935e-01
6.85779e-03 7.82189e-01
6.91303e-03 7.80435e-01
6.96872e-03 7.78670e-01
7.02486e-03 7.76893e-01
7.08145e-03 7.75110e-01
7.13849e-03 7.73315e-01
7.19599e-03 7.71509e-01
7.25396e-03 7.69694e-01
7.31239e-03 7.67866e-01
7.37130e-03 7.66029e-01
7.43067e-03 7.64184e-01
7.49053e-03 7.62326e-01
7.55087e-03 7.60456e-01
7.61170e-03 7.58578e-01
7.67301e-03 7.56690e-01
7.73482e-03 7.54791e-01
7.79713e-03 7.52883e-01
7.85994e-03 7.50962e-01
7.92325e-03 7.49029e-01
7.98708e-03 7.47087e-01
8.05141e-03 7.45137e-01
8.11627e-03 7.43175e-01
8.18165e-03 7.41203e-01
8.24756e-03 7.39220e-01
8.31399e-03 7.37224e-01
8.38097e-03 7.35219e-01
8.44848e-03 7.33203e-01
8.51653e-03 7.31175e-01
8.58514e-03 7.29140e-01
8.65430e-03 7.27091e-01
8.72401e-03 7.25032e-01
8.79428e-03 7.22962e-01
8.86513e-03 7.20881e-01
8.93654e-03 7.18789e-01
9.00852e-03 7.16688e-01
9.08109e-03 7.14573e-01
9.15424e-03 7.12449e-01
9.22798e-03 7.10315e-01
9.30232e-03 7.08168e-01
9.37725e-03 7.06010e-01
9.45279e-03 7.03842e-01
9.52894e-03 7.01664e-01
9.60570e-03 6.99474e-01
9.68307e-03 6.97271e-01
9.76107e-03 6.95057e-01
9.83970e-03 6.92833e-01
9.91897e-03 6.90598e-01
9.99887e-03 6.88354e-01
1.00794e-02 6.86100e-01
1.01606e-02 6.83830e-01
1.02425e-02 6.81547e-01
1.03250e-02 6.79257e-01
1.04081e-02 6.76958e-01
1.04920e-02 6.74641e-01
1.05765e-02 6.72320e-01
1.06617e-02 6.69986e-01
1.07476e-02 6.67636e-01
1.08341e-02 6.65279e-01
1.09214e-02 6.62911e-01
1.10094e-02 6.60531e-01
1.10981e-02 6.58136e-01
1.11875e-02 6.55733e-01
1.12776e-02 6.53320e-01
1.13684e-02 6.50895e-01
1.14600e-02 6.48456e-01
1.15523e-02 6.46006e-01
1.16454e-02 6.43546e-01
1.17392e-02 6.41078e-01
1.18338e-02 6.38593e-01
1.19291e-02 6.36099e-01
1.20252e-02 6.33596e-01
1.21221e-02 6.31080e-01
1.22197e-02 6.28551e-01
1.23181e-02 6.26010e-01
1.24174e-02 6.23460e-01
1.25174e-02 6.20899e-01
1.26182e-02 6.18327e-01
1.27199e-02 6.15742e-01
1.28223e-02 6.13145e-01
1.29256e-02 6.10540e-01
1.30297e-02 6.07925e-01
1.31347e-02 6.05293e-01
1.32405e-02 6.02650e-01
1.33472e-02 5.99999e-01
1.34547e-02 5.97336e-01
1.35631e-02 5.94661e-01
1.36723e-02 5.91977e-01
1.37825e-02 5.89282e-01
1.38935e-02 5.86577e-01
1.40054e-02 5.83856e-01
1.41182e-02 5.81130e-01
1.42319e-02 5.78393e-01
1.43466e-02 5.75640e-01
1.44622e-02 5.72878e-01
1.45786e-02 5.70107e-01
1.46961e-02 5.67323e-01
1.48145e-02 5.64530e-01
1.49338e-02 5.61728e-01
1.50541e-02 5.58914e-01
1.51754e-02 5.56087e-01
1.52976e-02 5.53252e-01
1.54208e-02 5.50409e-01
1.55451e-02 5.47555e-01
1.56703e-02 5.44685e-01
1.57965e-02 5.41809e-01
1.59238e-02 5.38973e-01
1.60520e-02 5.35865e-01
1.61813e-02 5.33584e-01
1.63117e-02 5.31980e-01
1.64431e-02 5.29020e-01
1.65755e-02 5.26054e-01
1.67091e-02 5.23169e-01
1.68437e-02 5.20225e-01
1.69793e-02 5.17294e-01
1.71161e-02 5.14344e-01
1.72540e-02 5.11390e-01
1.73930e-02 5.08425e-01
1.75331e-02 5.05451e-01
1.76743e-02 5.02471e-01
1.78167e-02 4.99478e-01
1.79602e-02 4.96481e-01
1.81049e-02 4.93474e-01
1.82507e-02 4.90460e-01
1.83977e-02 4.87439e-01
1.85459e-02 4.84407e-01
1.86953e-02 4.81369e-01
1.88459e-02 4.78329e-01
1.89978e-02 4.75276e-01
1.91508e-02 4.72216e-01
1.93051e-02 4.69151e-01
1.94606e-02 4.66082e-01
1.96173e-02 4.63006e-01
1.97754e-02 4.59923e-01
1.99346e-02 4.56838e-01
2.00952e-02 4.53745e-01
2.02571e-02 4.50653e-01
2.04203e-02 4.47506e-01
2.05848e-02 4.44531e-01
2.07506e-02 4.41159e-01
2.09177e-02 4.37045e-01
2.10862e-02 4.33846e-01
2.12561e-02 4.30797e-01
2.14273e-02 4.27626e-01
2.15999e-02 4.24500e-01
2.17739e-02 4.21362e-01
2.19493e-02 4.18220e-01
2.21261e-02 4.15079e-01
2.23044e-02 4.11937e-01
2.24840e-02 4.08795e-01
2.26652e-02 4.05648e-01
2.28477e-02 4.02507e-01
2.30318e-02 3.99364e-01
2.32173e-02 3.96223e-01
2.34043e-02 3.93083e-01
2.35929e-02 3.89943e-01
2.37829e-02 3.86808e-01
2.39745e-02 3.83675e-01
2.41676e-02 3.80546e-01
2.43623e-02 3.77420e-01
2.45586e-02 3.74296e-01
2.47564e-02 3.71174e-01
2.49558e-02 3.68086e-01
2.51568e-02 3.64902e-01
2.53595e-02 3.61987e-01
2.55638e-02 3.59424e-01
2.57697e-02 3.56345e-01
2.59773e-02 3.53230e-01
2.61865e-02 3.50177e-01
2.63975e-02 3.47108e-01
2.66101e-02 3.44055e-01
2.68245e-02 3.41009e-01
2.70405e-02 3.37975e-01
2.72584e-02 3.34952e-01
2.74779e-02 3.31942e-01
2.76993e-02 3.28940e-01
2.79224e-02 3.25952e-01
2.81473e-02 3.22978e-01
2.83741e-02 3.20017e-01
2.86026e-02 3.17072e-01
2.88331e-02 3.14139e-01
2.90653e-02 3.11224e-01
2.92994e-02 3.08329e-01
2.95355e-02 3.05433e-01
2.97734e-02 3.02599e-01
3.00132e-02 2.99711e-01
3.02550e-02 2.96586e-01
3.04987e-02 2.93728e-01
3.07444e-02 2.90977e-01
3.09920e-02 2.88203e-01
3.12417e-02 2.85464e-01
3.14934e-02 2.82744e-01
3.17470e-02 2.80048e-01
3.20028e-02 2.77373e-01
3.22606e-02 2.74726e-01
3.25205e-02 2.72105e-01
3.27824e-02 2.69505e-01
3.30465e-02 2.66931e-01
3.33127e-02 2.64383e-01
3.35810e-02 2.61862e-01
3.38515e-02 2.59369e-01
3.41242e-02 2.56903e-01
3.43991e-02 2.54449e-01
3.46762e-02 2.52126e-01
3.49555e-02 2.49821e-01
3.52371e-02 2.47447e-01
3.55210e-02 2.45122e-01
3.58071e-02 2.42828e-01
3.60955e-02 2.40562e-01
3.63863e-02 2.38328e-01
3.66794e-02 2.36126e-01
3.69749e-02 2.33955e-01
3.72727e-02 2.31816e-01
3.75730e-02 2.29709e-01
3.78756e-02 2.27636e-01
3.81807e-02 2.25595e-01
3.84883e-02 2.23586e-01
3.87983e-02 2.21611e-01
3.91109e-02 2.19669e-01
3.94259e-02 2.17760e-01
3.97435e-02 2.15885e-01
4.00637e-02 2.14042e-01
4.03864e-02 2.12232e-01
4.07117e-02 2.10456e-01
4.10397e-02 2.08712e-01
4.13703e-02 2.07001e-01
4.17035e-02 2.05323e-01
4.20395e-02 2.03676e-01
4.23781e-02 2.02062e-01
4.27195e-02 2.00480e-01
4.30636e-02 1.98928e-01
4.34105e-02 1.97407e-01
4.37602e-02 1.95916e-01
4.41127e-02 1.94456e-01
4.44680e-02 1.93025e-01
4.48262e-02 1.91621e-01
4.51873e-02 1.90245e-01
4.55513e-02 1.88895e-01
4.59183e-02 1.87572e-01
4.62882e-02 1.86274e-01
4.66610e-02 1.85000e-01
4.70369e-02 1.83750e-01
4.74158e-02 1.82522e-01
4.77977e-02 1.81316e-01
4.81828e-02 1.80129e-01
4.85709e-02 1.78962e-01
4.89622e-02 1.77814e-01
4.93566e-02 1.76682e-01
4.97542e-02 1.75565e-01
5.01549e-02 1.74464e-01
5.05590e-02 1.73375e-01
5.09662e-02 1.72299e-01
5.13768e-02 1.71232e-01
5.17906e-02 1.70175e-01
5.22078e-02 1.69126e-01
5.26284e-02 1.68083e-01
5.30523e-02 1.67045e-01
5.34797e-02 1.66011e-01
5.39105e-02 1.64979e-01
5.43448e-02 1.63948e-01
5.47825e-02 1.62916e-01
5.52238e-02 1.61882e-01
5.56687e-02 1.60844e-01
5.61171e-02 1.59802e-01
5.65692e-02 1.58754e-01
5.70248e-02 1.57698e-01
5.74842e-02 1.56634e-01
5.79473e-02 1.55559e-01
5.84140e-02 1.54474e-01
5.88846e-02 1.53376e-01
5.93589e-02 1.52266e-01
5.98371e-02 1.51141e-01
6.03191e-02 1.50001e-01
6.08050e-02 1.48844e-01
6.12948e-02 1.47671e-01
6.17885e-02 1.46482e-01
6.22863e-02 1.45273e-01
6.27880e-02 1.44046e-01
6.32938e-02 1.42800e-01
6.38037e-02 1.41535e-01
6.43176e-02 1.40251e-01
6.48357e-02 1.38947e-01
6.53580e-02 1.37623e-01
6.58845e-02 1.36281e-01
6.64152e-02 1.34919e-01
6.69502e-02 1.33540e-01
6.74895e-02 1.32142e-01
6.80332e-02 1.30726e-01
6.85812e-02 1.29295e-01
6.91336e-02 1.27848e-01
6.96905e-02 1.26386e-01
7.02519e-02 1.24911e-01
7.08178e-02 1.23425e-01
7.13883e-02 1.21928e-01
7.19634e-02 1.20421e-01
7.25431e-02 1.18908e-01
7.31274e-02 1.17390e-01
7.37165e-02 1.15867e-01
7.43103e-02 1.14343e-01
7.49089e-02 1.12820e-01
7.55123e-02 1.11298e-01
7.61206e-02 1.09782e-01
7.67338e-02 1.08272e-01
7.73519e-02 1.06772e-01
7.79750e-02 1.05283e-01
7.86031e-02 1.03807e-01
7.92363e-02 1.02348e-01
7.98746e-02 1.00907e-01
8.05180e-02 9.94875e-02
8.11666e-02 9.80906e-02
8.18204e-02 9.67184e-02
8.24795e-02 9.53732e-02
8.31439e-02 9.40579e-02
8.38137e-02 9.27735e-02
8.44888e-02 9.15217e-02
8.51694e-02 9.03044e-02
8.58555e-02 8.91233e-02
8.65471e-02 8.79796e-02
8.72443e-02 8.68746e-02
8.79470e-02 8.58089e-02
8.86555e-02 8.47831e-02
8.93696e-02 8.37983e-02
9.00896e-02 8.28544e-02
9.08153e-02 8.19515e-02
9.15468e-02 8.10897e-02
9.22843e-02 8.02680e-02
9.30276e-02 7.94860e-02
9.37770e-02 7.87430e-02
9.45324e-02 7.80376e-02
9.52939e-02 7.73681e-02
9.60616e-02 7.67329e-02
9.68354e-02 7.61305e-02
9.76154e-02 7.55584e-02
9.84017e-02 7.50142e-02
9.91944e-02 7.44955e-02
9.99935e-02 7.39993e-02
1.00799e-01 7.35231e-02
1.01611e-01 7.30641e-02
1.02429e-01 7.26185e-02
1.03255e-01 7.21826e-02
1.04086e-01 7.17550e-02
1.04925e-01 7.13304e-02
1.05770e-01 7.09067e-02
1.06622e-01 7.04802e-02
1.07481e-01 7.00478e-02
1.08347e-01 6.96063e-02
1.09219e-01 6.91537e-02
1.10099e-01 6.86860e-02
1.10986e-01 6.82010e-02
1.11880e-01 6.76968e-02
1.12781e-01 6.71709e-02
1.13690e-01 6.66216e-02
1.14606e-01 6.60483e-02
1.15529e-01 6.54491e-02
1.16460e-01 6.48236e-02
1.17398e-01 6.41714e-02
1.18343e-01 6.34927e-02
1.19297e-01 6.27871e-02
1.20258e-01 6.20566e-02
1.21226e-01 6.13027e-02
1.22203e-01 6.05254e-02
1.23187e-01 5.97287e-02
1.24180e-01 5.89133e-02
1.25180e-01 5.80830e-02
1.26188e-01 5.72401e-02
1.27205e-01 5.63874e-02
1.28229e-01 5.55302e-02
1.29262e-01 5.46704e-02
1.30304e-01 5.38115e-02
1.31353e-01 5.29591e-02
1.32411e-01 5.21154e-02
1.33478e-01 5.12838e-02
1.34553e-01 5.04692e-02
1.35637e-01 4.96749e-02
1.36730e-01 4.89031e-02
1.37831e-01 4.81582e-02
1.38941e-01 4.74422e-02
1.40061e-01 4.67565e-02
1.41189e-01 4.61046e-02
1.42326e-01 4.54868e-02
1.43473e-01 4.49036e-02
1.44628e-01 4.43569e-02
1.45793e-01 4.38452e-02
1.46968e-01 4.33680e-02
1.48152e-01 4.29246e-02
1.49345e-01 4.25134e-02
1.50548e-01 4.21318e-02
1.51761e-01 4.17770e-02
1.52983e-01 4.14462e-02
1.54216e-01 4.11359e-02
1.55458e-01 4.08428e-02
1.56710e-01 4.05626e-02
1.57973e-01 4.02913e-02
1.59245e-01 4.00254e-02
1.60528e-01 3.97600e-02
1.61821e-01 3.94916e-02
1.63125e-01 3.92163e-02
1.64439e-01 3.89307e-02
1.65763e-01 3.86320e-02
1.67099e-01 3.83167e-02
1.68445e-01 3.79834e-02
1.69801e-01 3.76304e-02
1.71169e-01 3.72559e-02
1.72548e-01 3.68598e-02
1.73938e-01 3.64424e-02
1.75339e-01 3.60044e-02
1.76752e-01 3.55471e-02
1.78175e-01 3.50729e-02
1.79611e-01 3.45833e-02
1.81058e-01 3.40820e-02
1.82516e-01 3.35722e-02
1.83986e-01 3.30575e-02
1.85468e-01 3.25416e-02
1.86962e-01 3.20281e-02
1.88468e-01 3.15213e-02
1.89987e-01 3.10245e-02
1.91517e-01 3.05418e-02
1.93060e-01 3.00757e-02
1.94615e-01 2.96291e-02
1.96183e-01 2.92041e-02
1.97763e-01 2.88027e-02
1.99356e-01 2.84257e-02
2.00962e-01 2.80732e-02
2.02581e-01 2.77448e-02
2.04213e-01 2.74396e-02
2.05858e-01 2.71561e-02
2.07516e-01 2.68919e-02
2.09187e-01 2.66445e-02
2.10873e-01 2.64105e-02
2.12571e-01 2.61869e-02
2.14284e-01 2.59699e-02
2.16010e-01 2.57562e-02
2.17750e-01 2.55420e-02
2.19504e-01 2.53244e-02
2.21272e-01 2.51003e-02
2.23054e-01 2.48673e-02
2.24851e-01 2.46233e-02
2.26662e-01 2.43672e-02
2.28488e-01 2.40982e-02
2.30329e-01 2.38163e-02
2.32184e-01 2.35222e-02
2.34055e-01 2.32169e-02
2.35940e-01 2.29026e-02
2.37841e-01 2.25814e-02
2.39756e-01 2.22560e-02
2.41688e-01 2.19290e-02
2.43635e-01 2.16039e-02
2.45597e-01 2.12833e-02
2.47576e-01 2.09698e-02
2.49570e-01 2.06663e-02
2.51580e-01 2.03746e-02
2.53607e-01 2.00962e-02
2.55650e-01 1.98322e-02
2.57709e-01 1.95830e-02
2.59785e-01 1.93481e-02
2.61878e-01 1.91269e-02
2.63987e-01 1.89179e-02
2.66114e-01 1.87192e-02
2.68258e-01 1.85286e-02
2.70418e-01 1.83439e-02
2.72597e-01 1.81623e-02
2.74793e-01 1.79816e-02
2.77006e-01 1.77996e-02
2.79238e-01 1.76142e-02
2.81487e-01 1.74241e-02
2.83754e-01 1.72283e-02
2.86040e-01 1.70262e-02
2.88344e-01 1.68180e-02
2.90667e-01 1.66042e-02
2.93008e-01 1.63863e-02
2.95369e-01 1.61651e-02
2.97748e-01 1.59429e-02
3.00147e-01 1.57213e-02
3.02564e-01 1.55024e-02
3.05002e-01 1.52877e-02
3.07459e-01 1.50789e-02
3.09935e-01 1.48773e-02
3.12432e-01 1.46835e-02
3.14949e-01 1.44979e-02
3.17486e-01 1.43202e-02
3.20043e-01 1.41501e-02
3.22621e-01 1.39864e-02
3.25220e-01 1.38279e-02
3.27840e-01 1.36733e-02
3.30481e-01 1.35209e-02
3.33143e-01 1.33695e-02
3.35826e-01 1.32178e-02
3.38532e-01 1.30646e-02
3.41259e-01 1.29095e-02
3.44008e-01 1.27521e-02
3.46779e-01 1.25926e-02
3.49572e-01 1.24314e-02
3.52388e-01 1.22691e-02
3.55227e-01 1.21068e-02
3.58088e-01 1.19455e-02
3.60973e-01 1.17862e-02
3.63881e-01 1.16300e-02
3.66812e-01 1.14775e-02
3.69767e-01 1.13293e-02
3.72745e-01 1.11856e-02
3.75748e-01 1.10463e-02
3.78775e-01 1.09110e-02
3.81826e-01 1.07792e-02
3.84901e-01 1.06502e-02
3.88002e-01 1.05231e-02
3.91127e-01 1.03971e-02
3.94278e-01 1.02716e-02
3.97454e-01 1.01462e-02
4.00656e-01 1.00206e-02
4.03883e-01 9.89459e-03
4.07137e-01 9.76836e-03
4.10416e-01 9.64242e-03
4.13722e-01 9.51716e-03
4.17055e-01 9.39308e-03
4.20415e-01 9.27069e-03
4.23801e-01 9.15045e-03
4.27215e-01 9.03266e-03
4.30657e-01 8.91742e-03
4.34126e-01 8.80474e-03
4.37623e-01 8.69444e-03
4.41148e-01 8.58617e-03
4.44702e-01 8.47958e-03
4.48284e-01 8.37429e-03
4.51895e-01 8.26991e-03
4.55535e-01 8.16620e-03
4.59205e-01 8.06305e-03
4.62904e-01 7.96042e-03
4.66633e-01 7.85835e-03
4.70391e-01 7.75706e-03
4.74181e-01 7.65671e-03
4.78000e-01 7.55769e-03
4.81851e-01 7.46006e-03
4.85732e-01 7.36401e-03
4.89645e-01 7.26959e-03
4.93589e-01 7.17681e-03
4.97565e-01 7.08552e-03
5.01573e-01 6.99558e-03
5.05614e-01 6.90675e-03
5.09687e-01 6.81894e-03
5.13792e-01 6.73204e-03
5.17931e-01 6.64586e-03
5.22103e-01 6.56047e-03
5.26309e-01 6.47589e-03
5.30549e-01 6.39217e-03
5.34823e-01 6.30945e-03
5.39131e-01 6.22781e-03
5.43474e-01 6.14728e-03
5.47851e-01 6.06794e-03
5.52265e-01 5.98973e-03
5.56713e-01 5.91264e-03
5.61198e-01 5.83656e-03
5.65719e-01 5.76146e-03
5.70276e-01 5.68720e-03
5.74869e-01 5.61380e-03
5.79500e-01 5.54120e-03
5.84168e-01 5.46938e-03
5.88874e-01 5.39838e-03
5.93618e-01 5.32825e-03
5.98399e-01 5.25905e-03
6.03220e-01 5.19073e-03
6.08079e-01 5.12331e-03
6.12977e-01 5.05681e-03
6.17915e-01 4.99116e-03
6.22893e-01 4.92636e-03
6.27910e-01 4.86238e-03
6.32968e-01 4.79912e-03
6.38067e-01 4.73665e-03
6.43207e-01 4.67492e-03
6.48388e-01 4.61395e-03
6.53611e-01 4.55374e-03
6.58876e-01 4.49426e-03
6.64184e-01 4.43556e-03
6.69534e-01 4.37762e-03
6.74927e-01 4.32043e-03
6.80364e-01 4.26399e-03
6.85845e-01 4.20825e-03
6.91370e-01 4.15319e-03
6.96939e-01 4.09881e-03
7.02553e-01 4.04511e-03
7.08212e-01 3.99207e-03
7.13917e-01 3.93970e-03
7.19668e-01 3.88800e-03
7.25465e-01 3.83696e-03
7.31309e-01 3.78657e-03
7.37200e-01 3.73682e-03
7.43139e-01 3.68770e-03
7.49125e-01 3.63920e-03
7.55159e-01 3.59131e-03
7.61242e-01 3.54402e-03
7.67374e-01 3.49734e-03
7.73556e-01 3.45124e-03
7.79787e-01 3.40573e-03
7.86069e-01 3.36080e-03
7.92401e-01 3.31645e-03
7.98784e-01 3.27266e-03
8.05218e-01 3.22943e-03
8.11705e-01 3.18674e-03
8.18243e-01 3.14461e-03
8.24835e-01 3.10301e-03
8.31479e-01 3.06195e-03
8.38177e-01 3.02141e-03
8.44929e-01 2.98139e-03
8.51735e-01 2.94188e-03
8.58596e-01 2.90288e-03
8.65512e-01 2.86439e-03
8.72484e-01 2.82638e-03
8.79513e-01 2.78886e-03
8.86597e-01 2.75183e-03
8.93739e-01 2.71527e-03
9.00939e-01 2.67918e-03
9.08196e-01 2.64356e-03
9.15512e-01 2.60839e-03
9.22887e-01 2.57367e-03
9.30321e-01 2.53940e-03
9.37815e-01 2.50558e-03
9.45369e-01 2.47219e-03
9.52985e-01 2.43923e-03
9.60661e-01 2.40670e-03
9.68400e-01 2.37458e-03
9.76201e-01 2.34288e-03
9.84064e-01 2.31159e-03
9.91991e-01 2.28070e-03
9.99982e-01 2.25022e-03
1.00804e+00 2.22013e-03
1.01616e+00 2.19042e-03
1.02434e+00 2.16112e-03
1.03259e+00 2.13217e-03
1.04091e+00 2.10360e-03
1.04930e+00 2.07542e-03
1.05775e+00 2.04761e-03
1.06627e+00 2.02014e-03
1.07486e+00 1.99305e-03
1.08352e+00 1.96630e-03
1.09225e+00 1.93988e-03
1.10104e+00 1.91386e-03
1.10991e+00 1.88814e-03
1.11886e+00 1.86273e-03
1.12787e+00 1.83771e-03
1.13695e+00 1.81300e-03
1.14611e+00 1.78858e-03
1.15534e+00 1.76451e-03
1.16465e+00 1.74074e-03
1.17403e+00 1.71729e-03
1.18349e+00 1.69413e-03
1.19302e+00 1.67130e-03
1.20263e+00 1.64875e-03
1.21232e+00 1.62650e-03
1.22209e+00 1.60453e-03
1.23193e+00 1.58288e-03
1.24186e+00 1.56148e-03
1.25186e+00 1.54037e-03
1.26194e+00 1.51955e-03
1.27211e+00 1.49900e-03
1.28236e+00 1.47872e-03
1.29269e+00 1.45870e-03
1.30310e+00 1.43896e-03
1.31360e+00 1.41947e-03
1.32418e+00 1.40023e-03
1.33484e+00 1.38126e-03
1.34560e+00 1.36253e-03
1.35644e+00 1.34404e-03
1.36736e+00 1.32582e-03
1.37838e+00 1.30782e-03
1.38948e+00 1.29007e-03
1.40067e+00 1.27254e-03
1.41196e+00 1.25524e-03
1.42333e+00 1.23819e-03
1.43480e+00 1.22134e-03
1.44635e+00 1.20474e-03
1.45800e+00 1.18835e-03
1.46975e+00 1.17217e-03
1.48159e+00 1.15621e-03
1.49352e+00 1.14046e-03
1.50555e+00 1.12493e-03
1.51768e+00 1.10959e-03
1.52991e+00 1.09446e-03
1.54223e+00 1.07953e-03
1.55465e+00 1.06481e-03
1.56718e+00 1.05027e-03
1.57980e+00 1.03593e-03
1.59253e+00 1.02178e-03
1.60536e+00 1.00782e-03
1.61829e+00 9.94053e-04
1.63132e+00 9.80465e-04
1.64447e+00 9.67049e-04
1.65771e+00 9.53830e-04
1.67107e+00 9.40766e-04
1.68453e+00 9.27893e-04
1.69810e+00 9.15189e-04
1.71177e+00 9.02657e-04
1.72556e+00 8.90285e-04
1.73946e+00 8.78086e-04
1.75348e+00 8.66044e-04
1.76760e+00 8.54167e-04
1.78184e+00 8.42444e-04
1.79619e+00 8.30888e-04
1.81066e+00 8.19483e-04
1.82525e+00 8.08221e-04
1.83995e+00 7.97121e-04
1.85477e+00 7.86173e-04
1.86971e+00 7.75370e-04
1.88477e+00 7.64707e-04
1.89996e+00 7.54179e-04
1.91526e+00 7.43807e-04
1.93069e+00 7.33568e-04
1.94624e+00 7.23471e-04
1.96192e+00 7.13511e-04
1.97772e+00 7.03686e-04
1.99366e+00 6.93985e-04
2.00972e+00 6.84420e-04
2.02590e+00 6.74988e-04
2.04222e+00 6.65678e-04
2.05867e+00 6.56493e-04
2.07526e+00 6.47429e-04
2.09197e+00 6.38496e-04
2.10883e+00 6.29674e-04
2.12581e+00 6.20983e-04
2.14294e+00 6.12405e-04
2.16020e+00 6.03942e-04
2.17760e+00 5.95591e-04
2.19514e+00 5.87357e-04
2.21283e+00 5.79234e-04
2.23065e+00 5.71221e-04
2.24862e+00 5.63317e-04
2.26673e+00 5.55521e-04
2.28499e+00 5.47830e-04
2.30340e+00 5.40241e-04
2.32195e+00 5.32756e-04
2.34066e+00 5.25372e-04
2.35951e+00 5.18088e-04
2.37852e+00 5.10902e-04
2.39768e+00 5.03819e-04
2.41699e+00 4.96831e-04
2.43646e+00 4.89936e-04
2.45609e+00 4.83131e-04
2.47588e+00 4.76421e-04
2.49582e+00 4.69809e-04
2.51592e+00 4.63280e-04
2.53619e+00 4.56841e-04
2.55662e+00 4.50492e-04
2.57722e+00 4.44227e-04
2.59798e+00 4.38049e-04
2.61890e+00 4.31957e-04
2.64000e+00 4.25945e-04
2.66127e+00 4.20015e-04
2.68270e+00 4.14169e-04
2.70431e+00 4.08402e-04
2.72610e+00 4.02711e-04
2.74806e+00 3.97099e-04
2.77019e+00 3.91566e-04
2.79251e+00 3.86106e-04
2.81500e+00 3.80724e-04
2.83768e+00 3.75413e-04
2.86054e+00 3.70175e-04
2.88358e+00 3.65010e-04
2.90681e+00 3.59915e-04
2.93023e+00 3.54889e-04
2.95383e+00 3.49933e-04
2.97762e+00 3.45045e-04
3.00161e+00 3.40224e-04
3.02579e+00 3.35469e-04
3.05016e+00 3.30779e-04
3.07473e+00 3.26154e-04
3.09950e+00 3.21592e-04
3.12447e+00 3.17093e-04
3.14964e+00 3.12656e-04
3.17501e+00 3.08280e-04
3.20058e+00 3.03965e-04
3.22637e+00 2.99708e-04
3.25236e+00 2.95510e-04
3.27855e+00 2.91371e-04
3.30497e+00 2.87286e-04
3.33159e+00 2.83259e-04
3.35842e+00 2.79288e-04
3.38548e+00 2.75371e-04
3.41275e+00 2.71509e-04
3.44024e+00 2.67700e-04
3.46795e+00 2.63943e-04
3.49589e+00 2.60237e-04
3.52405e+00 2.56583e-04
3.55244e+00 2.52979e-04
3.58105e+00 2.49426e-04
3.60990e+00 2.45922e-04
3.63898e+00 2.42466e-04
3.66829e+00 2.39058e-04
3.69784e+00 2.35696e-04
3.72763e+00 2.32381e-04
3.75766e+00 2.29112e-04
3.78793e+00 2.25888e-04
3.81844e+00 2.22710e-04
3.84920e+00 2.19575e-04
3.88021e+00 2.16483e-04
3.91146e+00 2.13436e-04
3.94297e+00 2.10429e-04
3.97473e+00 2.07465e-04
4.00675e+00 2.04541e-04
4.03903e+00 2.01658e-04
4.07156e+00 1.98816e-04
4.10436e+00 1.96012e-04
4.13742e+00 1.93247e-04
4.17075e+00 1.90521e-04
4.20435e+00 1.87832e-04
4.23822e+00 1.85181e-04
4.27236e+00 1.82567e-04
4.30677e+00 1.79990e-04
4.34146e+00 1.77448e-04
4.37644e+00 1.74941e-04
4.41169e+00 1.72469e-04
4.44723e+00 1.70032e-04
4.48305e+00 1.67629e-04
4.51916e+00 1.65259e-04
4.55557e+00 1.62922e-04
4.59227e+00 1.60617e-04
4.62926e+00 1.58345e-04
4.66655e+00 1.56105e-04
4.70414e+00 1.53896e-04
4.74203e+00 1.51717e-04
4.78023e+00 1.49569e-04
4.81874e+00 1.47450e-04
4.85755e+00 1.45362e-04
4.89668e+00 1.43303e-04
4.93613e+00 1.41272e-04
4.97589e+00 1.39270e-04
5.01597e+00 1.37295e-04
5.05638e+00 1.35349e-04
5.09711e+00 1.33430e-04
5.13817e+00 1.31537e-04
5.17956e+00 1.29670e-04
5.22128e+00 1.27831e-04
5.26334e+00 1.26016e-04
5.30574e+00 1.24227e-04
5.34848e+00 1.22464e-04
5.39156e+00 1.20725e-04
5.43500e+00 1.19010e-04
5.47878e+00 1.17319e-04
5.52291e+00 1.15652e-04
5.56740e+00 1.14008e-04
5.61225e+00 1.12387e-04
5.65746e+00 1.10789e-04
5.70303e+00 1.09214e-04
5.74897e+00 1.07660e-04
5.79528e+00 1.06129e-04
5.84196e+00 1.04619e-04
5.88902e+00 1.03129e-04
5.93646e+00 1.01661e-04
5.98428e+00 1.00214e-04
6.03249e+00 9.87870e-05
6.08108e+00 9.73800e-05
6.13007e+00 9.59925e-05
6.17945e+00 9.46248e-05
6.22922e+00 9.32767e-05
6.27940e+00 9.19470e-05
6.32999e+00 9.06358e-05
6.38098e+00 8.93436e-05
6.43238e+00 8.80694e-05
6.48419e+00 8.68132e-05
6.53642e+00 8.55747e-05
6.58908e+00 8.43536e-05
6.64216e+00 8.31498e-05
6.69566e+00 8.19629e-05
6.74960e+00 8.07926e-05
6.80397e+00 7.96391e-05
6.85878e+00 7.85015e-05
6.91403e+00 7.73800e-05
6.96972e+00 7.62748e-05
7.02586e+00 7.51847e-05
7.08246e+00 7.41100e-05
7.13951e+00 7.30507e-05
7.19702e+00 7.20063e-05
7.25500e+00 7.09764e-05
7.31344e+00 6.99611e-05
7.37235e+00 6.89604e-05
7.43174e+00 6.79737e-05
7.49161e+00 6.70006e-05
7.55195e+00 6.60421e-05
7.61279e+00 6.50964e-05
7.67411e+00 6.41644e-05
7.73593e+00 6.32457e-05
7.79825e+00 6.23397e-05
7.86106e+00 6.14465e-05
7.92439e+00 6.05661e-05
7.98822e+00 5.96984e-05
8.05257e+00 5.88427e-05
8.11744e+00 5.79991e-05
8.18283e+00 5.71675e-05
8.24874e+00 5.63480e-05
8.31519e+00 5.55398e-05
8.38217e+00 5.47430e-05
8.44969e+00 5.39578e-05
8.51776e+00 5.31834e-05
8.58637e+00 5.24198e-05
8.65554e+00 5.16673e-05
8.72526e+00 5.09256e-05
8.79555e+00 5.01943e-05
8.86640e+00 4.94737e-05
8.93782e+00 4.87629e-05
9.00982e+00 4.80623e-05
9.08239e+00 4.73719e-05
9.15556e+00 4.66909e-05
9.22931e+00 4.60198e-05
9.30365e+00 4.53582e-05
9.37860e+00 4.47059e-05
9.45415e+00 4.40631e-05
9.53030e+00 4.34294e-05
9.60707e+00 4.28045e-05
9.68446e+00 4.21886e-05
9.76247e+00 4.15818e-05
9.84111e+00 4.09834e-05
9.92039e+00 4.03934e-05
1.00003e+01 3.98121e-05
1.00809e+01 3.92382e-05
1.01621e+01 3.86732e-05
1.02439e+01 3.81168e-05
