9.908070e-06 1.000000e+00
9.957740e-06 1.000000e+00
1.000770e-05 1.000000e+00
1.005780e-05 1.000000e+00
1.010820e-05 1.000000e+00
1.015890e-05 1.000000e+00
1.020980e-05 1.000000e+00
1.026100e-05 1.000000e+00
1.031240e-05 1.000000e+00
1.036410e-05 1.000000e+00
1.041610e-05 1.000000e+00
1.046830e-05 1.000000e+00
1.052080e-05 1.000000e+00
1.057350e-05 1.000000e+00
1.062650e-05 1.000000e+00
1.067980e-05 1.000000e+00
1.073330e-05 1.000000e+00
1.078710e-05 1.000000e+00
1.084120e-05 1.000000e+00
1.089550e-05 1.000000e+00
1.095010e-05 1.000000e+00
1.100500e-05 1.000000e+00
1.106020e-05 1.000000e+00
1.111560e-05 1.000000e+00
1.117130e-05 1.000000e+00
1.122730e-05 1.000000e+00
1.128360e-05 1.000000e+00
1.134020e-05 1.000000e+00
1.139700e-05 1.000000e+00
1.145410e-05 1.000000e+00
1.151150e-05 1.000000e+00
1.156920e-05 1.000000e+00
1.162720e-05 1.000000e+00
1.168550e-05 1.000000e+00
1.174410e-05 1.000000e+00
1.180300e-05 1.000000e+00
1.186210e-05 1.000000e+00
1.192160e-05 1.000000e+00
1.198130e-05 1.000000e+00
1.204140e-05 1.000000e+00
1.210170e-05 1.000000e+00
1.216240e-05 1.000000e+00
1.222340e-05 1.000000e+00
1.228460e-05 1.000000e+00
1.234620e-05 1.000000e+00
1.240810e-05 1.000000e+00
1.247030e-05 1.000000e+00
1.253280e-05 1.000000e+00
1.259560e-05 1.000000e+00
1.265880e-05 1.000000e+00
1.272220e-05 1.000000e+00
1.278600e-05 1.000000e+00
1.285010e-05 1.000000e+00
1.291450e-05 1.000000e+00
1.297920e-05 1.000000e+00
1.304430e-05 1.000000e+00
1.310970e-05 1.000000e+00
1.317540e-05 1.000000e+00
1.324140e-05 1.000000e+00
1.330780e-05 1.000000e+00
1.337450e-05 1.000000e+00
1.344150e-05 1.000000e+00
1.350890e-05 1.000000e+00
1.357660e-05 1.000000e+00
1.364470e-05 1.000000e+00
1.371310e-05 1.000000e+00
1.378180e-05 1.000000e+00
1.385090e-05 1.000000e+00
1.392030e-05 1.000000e+00
1.399010e-05 1.000000e+00
1.406020e-05 1.000000e+00
1.413070e-05 1.000000e+00
1.420150e-05 1.000000e+00
1.427270e-05 1.000000e+00
1.434430e-05 1.000000e+00
1.441620e-05 1.000000e+00
1.448840e-05 1.000000e+00
1.456100e-05 1.000000e+00
1.463400e-05 1.000000e+00
1.470740e-05 1.000000e+00
1.478110e-05 1.000000e+00
1.485520e-05 1.000000e+00
1.492970e-05 1.000000e+00
1.500450e-05 1.000000e+00
1.507970e-05 1.000000e+00
1.515530e-05 1.000000e+00
1.523130e-05 1.000000e+00
1.530760e-05 1.000000e+00
1.538430e-05 1.000000e+00
1.546140e-05 1.000000e+00
1.553900e-05 1.000000e+00
1.561680e-05 1.000000e+00
1.569510e-05 1.000000e+00
1.577380e-05 1.000000e+00
1.585290e-05 1.000000e+00
1.593230e-05 1.000000e+00
1.601220e-05 1.000000e+00
1.609240e-05 1.000000e+00
1.617310e-05 1.000000e+00
1.625420e-05 1.000000e+00
1.633570e-05 1.000000e+00
1.641750e-05 1.000000e+00
1.649980e-05 1.000000e+00
1.658250e-05 1.000000e+00
1.666570e-05 1.000000e+00
1.674920e-05 1.000000e+00
1.683310e-05 1.000000e+00
1.691750e-05 1.000000e+00
1.700230e-05 1.000000e+00
1.708750e-05 1.000000e+00
1.717320e-05 1.000000e+00
1.725930e-05 1.000000e+00
1.734580e-05 1.000000e+00
1.743270e-05 1.000000e+00
1.752010e-05 1.000000e+00
1.760790e-05 1.000000e+00
1.769620e-05 1.000000e+00
1.778490e-05 1.000000e+00
1.787400e-05 1.000000e+00
1.796360e-05 1.000000e+00
1.805370e-05 1.000000e+00
1.814420e-05 1.000000e+00
1.823510e-05 1.000000e+00
1.832650e-05 1.000000e+00
1.841840e-05 1.000000e+00
1.851070e-05 1.000000e+00
1.860350e-05 1.000000e+00
1.869680e-05 1.000000e+00
1.879050e-05 9.999949e-01
1.888470e-05 9.999949e-01
1.897930e-05 9.999949e-01
1.907450e-05 9.999949e-01
1.917010e-05 9.999949e-01
1.926620e-05 9.999949e-01
1.936270e-05 9.999949e-01
1.945980e-05 9.999949e-01
1.955730e-05 9.999949e-01
1.965540e-05 9.999949e-01
1.975390e-05 9.999949e-01
1.985290e-05 9.999949e-01
1.995240e-05 9.999949e-01
2.005240e-05 9.999949e-01
2.015290e-05 9.999949e-01
2.025400e-05 9.999949e-01
2.035550e-05 9.999949e-01
2.045750e-05 9.999949e-01
2.056000e-05 9.999949e-01
2.066310e-05 9.999949e-01
2.076670e-05 9.999949e-01
2.087080e-05 9.999949e-01
2.097540e-05 9.999949e-01
2.108050e-05 9.999949e-01
2.118620e-05 9.999949e-01
2.129240e-05 9.999949e-01
2.139910e-05 9.999949e-01
2.150640e-05 9.999949e-01
2.161420e-05 9.999949e-01
2.172250e-05 9.999949e-01
2.183140e-05 9.999949e-01
2.194080e-05 9.999949e-01
2.205080e-05 9.999949e-01
2.216130e-05 9.999949e-01
2.227240e-05 9.999949e-01
2.238410e-05 9.999949e-01
2.249630e-05 9.999949e-01
2.260900e-05 9.999949e-01
2.272240e-05 9.999949e-01
2.283630e-05 9.999949e-01
2.295070e-05 9.999949e-01
2.306580e-05 9.999949e-01
2.318140e-05 9.999949e-01
2.329760e-05 9.999949e-01
2.341440e-05 9.999949e-01
2.353170e-05 9.999949e-01
2.364970e-05 9.999949e-01
2.376820e-05 9.999949e-01
2.388740e-05 9.999949e-01
2.400710e-05 9.999949e-01
2.412740e-05 9.999949e-01
2.424840e-05 9.999949e-01
2.436990e-05 9.999949e-01
2.449210e-05 9.999949e-01
2.461490e-05 9.999949e-01
2.473820e-05 9.999949e-01
2.486220e-05 9.999949e-01
2.498690e-05 9.999949e-01
2.511210e-05 9.999949e-01
2.523800e-05 9.999949e-01
2.536450e-05 9.999949e-01
2.549160e-05 9.999949e-01
2.561940e-05 9.999949e-01
2.574780e-05 9.999949e-01
2.587690e-05 9.999949e-01
2.600660e-05 9.999949e-01
2.613690e-05 9.999949e-01
2.626800e-05 9.999949e-01
2.639960e-05 9.999949e-01
2.653200e-05 9.999897e-01
2.666490e-05 9.999897e-01
2.679860e-05 9.999897e-01
2.693290e-05 9.999897e-01
2.706790e-05 9.999897e-01
2.720360e-05 9.999897e-01
2.734000e-05 9.999897e-01
2.747700e-05 9.999897e-01
2.761470e-05 9.999897e-01
2.775320e-05 9.999897e-01
2.789230e-05 9.999897e-01
2.803210e-05 9.999897e-01
2.817260e-05 9.999897e-01
2.831380e-05 9.999897e-01
2.845570e-05 9.999897e-01
2.859840e-05 9.999897e-01
2.874170e-05 9.999897e-01
2.888580e-05 9.999897e-01
2.903060e-05 9.999897e-01
2.917610e-05 9.999897e-01
2.932230e-05 9.999897e-01
2.946930e-05 9.999897e-01
2.961700e-05 9.999897e-01
2.976550e-05 9.999897e-01
2.991470e-05 9.999897e-01
3.006460e-05 9.999897e-01
3.021530e-05 9.999897e-01
3.036680e-05 9.999897e-01
3.051900e-05 9.999897e-01
3.067200e-05 9.999897e-01
3.082570e-05 9.999897e-01
3.098020e-05 9.999897e-01
3.113550e-05 9.999897e-01
3.129160e-05 9.999897e-01
3.144850e-05 9.999897e-01
3.160610e-05 9.999897e-01
3.176450e-05 9.999897e-01
3.192370e-05 9.999897e-01
3.208380e-05 9.999897e-01
3.224460e-05 9.999897e-01
3.240620e-05 9.999897e-01
3.256860e-05 9.999846e-01
3.273190e-05 9.999846e-01
3.289600e-05 9.999846e-01
3.306090e-05 9.999846e-01
3.322660e-05 9.999846e-01
3.339310e-05 9.999846e-01
3.356050e-05 9.999846e-01
3.372870e-05 9.999846e-01
3.389780e-05 9.999846e-01
3.406770e-05 9.999846e-01
3.423850e-05 9.999846e-01
3.441010e-05 9.999846e-01
3.458260e-05 9.999846e-01
3.475590e-05 9.999846e-01
3.493010e-05 9.999846e-01
3.510520e-05 9.999846e-01
3.528120e-05 9.999846e-01
3.545800e-05 9.999846e-01
3.563580e-05 9.999846e-01
3.581440e-05 9.999846e-01
3.599390e-05 9.999846e-01
3.617430e-05 9.999846e-01
3.635570e-05 9.999846e-01
3.653790e-05 9.999846e-01
3.672100e-05 9.999846e-01
3.690510e-05 9.999846e-01
3.709010e-05 9.999846e-01
3.727600e-05 9.999846e-01
3.746290e-05 9.999846e-01
3.765060e-05 9.999795e-01
3.783940e-05 9.999795e-01
3.802900e-05 9.999795e-01
3.821970e-05 9.999795e-01
3.841120e-05 9.999795e-01
3.860380e-05 9.999795e-01
3.879730e-05 9.999795e-01
3.899170e-05 9.999795e-01
3.918720e-05 9.999795e-01
3.938360e-05 9.999795e-01
3.958100e-05 9.999795e-01
3.977940e-05 9.999795e-01
3.997880e-05 9.999795e-01
4.017920e-05 9.999795e-01
4.038060e-05 9.999795e-01
4.058300e-05 9.999795e-01
4.078640e-05 9.999795e-01
4.099090e-05 9.999795e-01
4.119640e-05 9.999795e-01
4.140290e-05 9.999795e-01
4.161040e-05 9.999795e-01
4.181900e-05 9.999795e-01
4.202860e-05 9.999795e-01
4.223920e-05 9.999744e-01
4.245100e-05 9.999744e-01
4.266380e-05 9.999744e-01
4.287760e-05 9.999744e-01
4.309250e-05 9.999744e-01
4.330850e-05 9.999744e-01
4.352560e-05 9.999744e-01
4.374380e-05 9.999744e-01
4.396310e-05 9.999744e-01
4.418340e-05 9.999744e-01
4.440490e-05 9.999744e-01
4.462750e-05 9.999744e-01
4.485120e-05 9.999744e-01
4.507600e-05 9.999744e-01
4.530190e-05 9.999744e-01
4.552900e-05 9.999744e-01
4.575720e-05 9.999744e-01
4.598660e-05 9.999744e-01
4.621710e-05 9.999692e-01
4.644880e-05 9.999692e-01
4.668160e-05 9.999692e-01
4.691560e-05 9.999692e-01
4.715070e-05 9.999692e-01
4.738710e-05 9.999692e-01
4.762460e-05 9.999692e-01
4.786330e-05 9.999692e-01
4.810330e-05 9.999692e-01
4.834440e-05 9.999692e-01
4.858670e-05 9.999692e-01
4.883020e-05 9.999692e-01
4.907500e-05 9.999692e-01
4.932100e-05 9.999692e-01
4.956820e-05 9.999692e-01
4.981670e-05 9.999641e-01
5.006640e-05 9.999641e-01
5.031730e-05 9.999641e-01
5.056960e-05 9.999641e-01
5.082300e-05 9.999641e-01
5.107780e-05 9.999641e-01
5.133380e-05 9.999641e-01
5.159110e-05 9.999641e-01
5.184970e-05 9.999641e-01
5.210960e-05 9.999641e-01
5.237080e-05 9.999641e-01
5.263330e-05 9.999641e-01
5.289720e-05 9.999641e-01
5.316230e-05 9.999590e-01
5.342880e-05 9.999590e-01
5.369660e-05 9.999590e-01
5.396580e-05 9.999590e-01
5.423630e-05 9.999590e-01
5.450810e-05 9.999590e-01
5.478140e-05 9.999590e-01
5.505590e-05 9.999590e-01
5.533190e-05 9.999590e-01
5.560930e-05 9.999590e-01
5.588800e-05 9.999590e-01
5.616810e-05 9.999590e-01
5.644970e-05 9.999539e-01
5.673260e-05 9.999539e-01
5.701700e-05 9.999539e-01
5.730280e-05 9.999539e-01
5.759010e-05 9.999539e-01
5.787870e-05 9.999539e-01
5.816880e-05 9.999539e-01
5.846040e-05 9.999539e-01
5.875340e-05 9.999539e-01
5.904800e-05 9.999539e-01
5.934390e-05 9.999539e-01
5.964140e-05 9.999487e-01
5.994030e-05 9.999487e-01
6.024080e-05 9.999487e-01
6.054280e-05 9.999487e-01
6.084620e-05 9.999487e-01
6.115120e-05 9.999487e-01
6.145770e-05 9.999487e-01
6.176580e-05 9.999487e-01
6.207540e-05 9.999487e-01
6.238660e-05 9.999487e-01
6.269930e-05 9.999436e-01
6.301360e-05 9.999436e-01
6.332940e-05 9.999436e-01
6.364690e-05 9.999436e-01
6.396590e-05 9.999436e-01
6.428650e-05 9.999436e-01
6.460880e-05 9.999436e-01
6.493260e-05 9.999436e-01
6.525810e-05 9.999385e-01
6.558520e-05 9.999385e-01
6.591390e-05 9.999385e-01
6.624430e-05 9.999385e-01
6.657640e-05 9.999385e-01
6.691010e-05 9.999385e-01
6.724550e-05 9.999385e-01
6.758260e-05 9.999385e-01
6.792130e-05 9.999334e-01
6.826180e-05 9.999334e-01
6.860390e-05 9.999334e-01
6.894780e-05 9.999334e-01
6.929340e-05 9.999334e-01
6.964080e-05 9.999334e-01
6.998980e-05 9.999334e-01
7.034070e-05 9.999334e-01
7.069320e-05 9.999282e-01
7.104760e-05 9.999282e-01
7.140370e-05 9.999282e-01
7.176160e-05 9.999282e-01
7.212130e-05 9.999282e-01
7.248280e-05 9.999282e-01
7.284620e-05 9.999282e-01
7.321130e-05 9.999231e-01
7.357830e-05 9.999231e-01
7.394710e-05 9.999231e-01
7.431780e-05 9.999231e-01
7.469030e-05 9.999231e-01
7.506470e-05 9.999231e-01
7.544090e-05 9.999180e-01
7.581910e-05 9.999180e-01
7.619910e-05 9.999180e-01
7.658110e-05 9.999180e-01
7.696490e-05 9.999180e-01
7.735070e-05 9.999180e-01
7.773840e-05 9.999129e-01
7.812810e-05 9.999129e-01
7.851970e-05 9.999129e-01
7.891330e-05 9.999129e-01
7.930890e-05 9.999129e-01
7.970640e-05 9.999129e-01
8.010590e-05 9.999077e-01
8.050750e-05 9.999077e-01
8.091100e-05 9.999077e-01
8.131660e-05 9.999077e-01
8.172420e-05 9.999077e-01
8.213380e-05 9.999026e-01
8.254550e-05 9.999026e-01
8.295930e-05 9.999026e-01
8.337510e-05 9.999026e-01
8.379300e-05 9.999026e-01
8.421300e-05 9.998975e-01
8.463520e-05 9.998975e-01
8.505940e-05 9.998975e-01
8.548580e-05 9.998975e-01
8.591430e-05 9.998975e-01
8.634490e-05 9.998923e-01
8.677770e-05 9.998923e-01
8.721270e-05 9.998923e-01
8.764980e-05 9.998923e-01
8.808920e-05 9.998923e-01
8.853070e-05 9.998872e-01
8.897450e-05 9.998872e-01
8.942050e-05 9.998872e-01
8.986870e-05 9.998872e-01
9.031920e-05 9.998821e-01
9.077190e-05 9.998821e-01
9.122690e-05 9.998821e-01
9.168420e-05 9.998821e-01
9.214370e-05 9.998821e-01
9.260560e-05 9.998770e-01
9.306980e-05 9.998770e-01
9.353630e-05 9.998770e-01
9.400520e-05 9.998770e-01
9.447640e-05 9.998718e-01
9.495000e-05 9.998718e-01
9.542590e-05 9.998718e-01
9.590420e-05 9.998718e-01
9.638490e-05 9.998667e-01
9.686810e-05 9.998667e-01
9.735360e-05 9.998667e-01
9.784160e-05 9.998667e-01
9.833200e-05 9.998616e-01
9.882490e-05 9.998616e-01
9.932030e-05 9.998616e-01
9.981810e-05 9.998565e-01
1.003180e-04 9.998565e-01
1.008210e-04 9.998565e-01
1.013270e-04 9.998565e-01
1.018350e-04 9.998513e-01
1.023450e-04 9.998513e-01
1.028580e-04 9.998513e-01
1.033740e-04 9.998462e-01
1.038920e-04 9.998462e-01
1.044130e-04 9.998462e-01
1.049360e-04 9.998411e-01
1.054620e-04 9.998411e-01
1.059910e-04 9.998411e-01
1.065220e-04 9.998411e-01
1.070560e-04 9.998360e-01
1.075920e-04 9.998360e-01
1.081320e-04 9.998360e-01
1.086740e-04 9.998308e-01
1.092180e-04 9.998308e-01
1.097660e-04 9.998308e-01
1.103160e-04 9.998257e-01
1.108690e-04 9.998257e-01
1.114250e-04 9.998257e-01
1.119830e-04 9.998206e-01
1.125450e-04 9.998206e-01
1.131090e-04 9.998154e-01
1.136760e-04 9.998154e-01
1.142460e-04 9.998154e-01
1.148180e-04 9.998103e-01
1.153940e-04 9.998103e-01
1.159720e-04 9.998103e-01
1.165530e-04 9.998052e-01
1.171380e-04 9.998052e-01
1.177250e-04 9.998001e-01
1.183150e-04 9.998001e-01
1.189080e-04 9.998001e-01
1.195040e-04 9.997949e-01
1.201030e-04 9.997949e-01
1.207050e-04 9.997949e-01
1.213100e-04 9.997898e-01
1.219180e-04 9.997898e-01
1.225290e-04 9.997847e-01
1.231430e-04 9.997847e-01
1.237610e-04 9.997796e-01
1.243810e-04 9.997796e-01
1.250050e-04 9.997796e-01
1.256310e-04 9.997744e-01
1.262610e-04 9.997744e-01
1.268940e-04 9.997693e-01
1.275300e-04 9.997693e-01
1.281690e-04 9.997642e-01
1.288110e-04 9.997642e-01
1.294570e-04 9.997591e-01
1.301060e-04 9.997591e-01
1.307580e-04 9.997539e-01
1.314140e-04 9.997539e-01
1.320720e-04 9.997488e-01
1.327340e-04 9.997488e-01
1.334000e-04 9.997437e-01
1.340680e-04 9.997437e-01
1.347400e-04 9.997386e-01
1.354160e-04 9.997386e-01
1.360950e-04 9.997334e-01
1.367770e-04 9.997334e-01
1.374620e-04 9.997283e-01
1.381510e-04 9.997283e-01
1.388440e-04 9.997232e-01
1.395400e-04 9.997232e-01
1.402390e-04 9.997180e-01
1.409420e-04 9.997180e-01
1.416490e-04 9.997129e-01
1.423590e-04 9.997129e-01
1.430720e-04 9.997078e-01
1.437890e-04 9.997027e-01
1.445100e-04 9.997027e-01
1.452350e-04 9.996975e-01
1.459630e-04 9.996975e-01
1.466940e-04 9.996924e-01
1.474290e-04 9.996873e-01
1.481680e-04 9.996873e-01
1.489110e-04 9.996822e-01
1.496580e-04 9.996822e-01
1.504080e-04 9.996770e-01
1.511620e-04 9.996719e-01
1.519190e-04 9.996719e-01
1.526810e-04 9.996668e-01
1.534460e-04 9.996617e-01
1.542150e-04 9.996617e-01
1.549880e-04 9.996565e-01
1.557650e-04 9.996514e-01
1.565460e-04 9.996514e-01
1.573310e-04 9.996463e-01
1.581190e-04 9.996412e-01
1.589120e-04 9.996412e-01
1.597080e-04 9.996360e-01
1.605090e-04 9.996309e-01
1.613140e-04 9.996309e-01
1.621220e-04 9.996258e-01
1.629350e-04 9.996206e-01
1.637510e-04 9.996155e-01
1.645720e-04 9.996155e-01
1.653970e-04 9.996104e-01
1.662260e-04 9.996053e-01
1.670590e-04 9.996001e-01
1.678970e-04 9.996001e-01
1.687380e-04 9.995950e-01
1.695840e-04 9.995899e-01
1.704340e-04 9.995848e-01
1.712890e-04 9.995796e-01
1.721470e-04 9.995796e-01
1.730100e-04 9.995745e-01
1.738770e-04 9.995694e-01
1.747490e-04 9.995643e-01
1.756250e-04 9.995591e-01
1.765050e-04 9.995540e-01
1.773900e-04 9.995489e-01
1.782790e-04 9.995489e-01
1.791730e-04 9.995437e-01
1.800710e-04 9.995386e-01
1.809730e-04 9.995335e-01
1.818800e-04 9.995284e-01
1.827920e-04 9.995232e-01
1.837080e-04 9.995181e-01
1.846290e-04 9.995130e-01
1.855550e-04 9.995079e-01
1.864850e-04 9.995027e-01
1.874200e-04 9.994976e-01
1.883590e-04 9.994925e-01
1.893030e-04 9.994874e-01
1.902520e-04 9.994822e-01
1.912060e-04 9.994771e-01
1.921640e-04 9.994720e-01
1.931270e-04 9.994669e-01
1.940950e-04 9.994617e-01
1.950680e-04 9.994566e-01
1.960460e-04 9.994515e-01
1.970290e-04 9.994463e-01
1.980160e-04 9.994412e-01
1.990090e-04 9.994361e-01
2.000060e-04 9.994310e-01
2.010090e-04 9.994258e-01
2.020170e-04 9.994207e-01
2.030290e-04 9.994156e-01
2.040470e-04 9.994053e-01
2.050700e-04 9.994002e-01
2.060980e-04 9.993951e-01
2.071310e-04 9.993900e-01
2.081690e-04 9.993848e-01
2.092120e-04 9.993797e-01
2.102610e-04 9.993695e-01
2.113150e-04 9.993643e-01
2.123740e-04 9.993592e-01
2.134390e-04 9.993541e-01
2.145090e-04 9.993438e-01
2.155840e-04 9.993387e-01
2.166640e-04 9.993336e-01
2.177500e-04 9.993284e-01
2.188420e-04 9.993182e-01
2.199390e-04 9.993131e-01
2.210410e-04 9.993079e-01
2.221490e-04 9.992977e-01
2.232630e-04 9.992926e-01
2.243820e-04 9.992823e-01
2.255070e-04 9.992772e-01
2.266370e-04 9.992720e-01
2.277730e-04 9.992618e-01
2.289150e-04 9.992567e-01
2.300620e-04 9.992464e-01
2.312150e-04 9.992413e-01
2.323740e-04 9.992362e-01
2.335390e-04 9.992259e-01
2.347100e-04 9.992208e-01
2.358860e-04 9.992105e-01
2.370690e-04 9.992054e-01
2.382570e-04 9.991952e-01
2.394510e-04 9.991849e-01
2.406510e-04 9.991798e-01
2.418580e-04 9.991695e-01
2.430700e-04 9.991644e-01
2.442890e-04 9.991541e-01
2.455130e-04 9.991439e-01
2.467440e-04 9.991388e-01
2.479800e-04 9.991285e-01
2.492230e-04 9.991183e-01
2.504730e-04 9.991131e-01
2.517280e-04 9.991029e-01
2.529900e-04 9.990926e-01
2.542580e-04 9.990875e-01
2.555330e-04 9.990772e-01
2.568130e-04 9.990670e-01
2.581010e-04 9.990567e-01
2.593940e-04 9.990465e-01
2.606950e-04 9.990414e-01
2.620010e-04 9.990311e-01
2.633150e-04 9.990209e-01
2.646350e-04 9.990106e-01
2.659610e-04 9.990003e-01
2.672940e-04 9.989901e-01
2.686340e-04 9.989798e-01
2.699810e-04 9.989696e-01
2.713340e-04 9.989593e-01
2.726940e-04 9.989491e-01
2.740610e-04 9.989388e-01
2.754340e-04 9.989286e-01
2.768150e-04 9.989183e-01
2.782030e-04 9.989081e-01
2.795970e-04 9.988978e-01
2.809990e-04 9.988876e-01
2.824070e-04 9.988773e-01
2.838230e-04 9.988671e-01
2.852450e-04 9.988568e-01
2.866750e-04 9.988414e-01
2.881120e-04 9.988312e-01
2.895560e-04 9.988209e-01
2.910080e-04 9.988107e-01
2.924660e-04 9.987953e-01
2.939320e-04 9.987850e-01
2.954060e-04 9.987748e-01
2.968860e-04 9.987594e-01
2.983750e-04 9.987492e-01
2.998700e-04 9.987389e-01
3.013730e-04 9.987235e-01
3.028840e-04 9.987133e-01
3.044020e-04 9.986979e-01
3.059280e-04 9.986876e-01
3.074620e-04 9.986723e-01
3.090030e-04 9.986620e-01
3.105520e-04 9.986466e-01
3.121080e-04 9.986364e-01
3.136730e-04 9.986210e-01
3.152450e-04 9.986056e-01
3.168250e-04 9.985954e-01
3.184130e-04 9.985800e-01
3.200090e-04 9.985646e-01
3.216130e-04 9.985544e-01
3.232250e-04 9.985390e-01
3.248450e-04 9.985236e-01
3.264740e-04 9.985082e-01
3.281100e-04 9.984980e-01
3.297550e-04 9.984826e-01
3.314080e-04 9.984672e-01
3.330690e-04 9.984518e-01
3.347390e-04 9.984364e-01
3.364160e-04 9.984211e-01
3.381030e-04 9.984057e-01
3.397970e-04 9.983903e-01
3.415010e-04 9.983749e-01
3.432130e-04 9.983595e-01
3.449330e-04 9.983442e-01
3.466620e-04 9.983288e-01
3.484000e-04 9.983134e-01
3.501460e-04 9.982929e-01
3.519010e-04 9.982775e-01
3.536650e-04 9.982621e-01
3.554380e-04 9.982468e-01
3.572190e-04 9.982263e-01
3.590100e-04 9.982109e-01
3.608090e-04 9.981955e-01
3.626180e-04 9.981750e-01
3.644360e-04 9.981596e-01
3.662620e-04 9.981391e-01
3.680980e-04 9.981237e-01
3.699430e-04 9.981032e-01
3.717980e-04 9.980878e-01
3.736610e-04 9.980673e-01
3.755340e-04 9.980468e-01
3.774170e-04 9.980315e-01
3.793090e-04 9.980110e-01
3.812100e-04 9.979904e-01
3.831210e-04 9.979751e-01
3.850410e-04 9.979546e-01
3.869710e-04 9.979341e-01
3.889110e-04 9.979135e-01
3.908600e-04 9.978930e-01
3.928190e-04 9.978725e-01
3.947880e-04 9.978520e-01
3.967670e-04 9.978315e-01
3.987560e-04 9.978110e-01
4.007550e-04 9.977905e-01
4.027640e-04 9.977700e-01
4.047820e-04 9.977495e-01
4.068110e-04 9.977290e-01
4.088510e-04 9.977034e-01
4.109000e-04 9.976829e-01
4.129600e-04 9.976624e-01
4.150300e-04 9.976367e-01
4.171100e-04 9.976162e-01
4.192010e-04 9.975957e-01
4.213020e-04 9.975701e-01
4.234140e-04 9.975496e-01
4.255360e-04 9.975239e-01
4.276690e-04 9.974983e-01
4.298130e-04 9.974778e-01
4.319670e-04 9.974522e-01
4.341330e-04 9.974265e-01
4.363090e-04 9.974060e-01
4.384960e-04 9.973804e-01
4.406940e-04 9.973548e-01
4.429030e-04 9.973291e-01
4.451230e-04 9.973035e-01
4.473540e-04 9.972779e-01
4.495960e-04 9.972522e-01
4.518500e-04 9.972266e-01
4.541150e-04 9.972010e-01
4.563910e-04 9.971753e-01
4.586790e-04 9.971497e-01
4.609780e-04 9.971190e-01
4.632880e-04 9.970933e-01
4.656110e-04 9.970677e-01
4.679450e-04 9.970369e-01
4.702900e-04 9.970113e-01
4.726470e-04 9.969805e-01
4.750170e-04 9.969549e-01
4.773980e-04 9.969241e-01
4.797910e-04 9.968985e-01
4.821960e-04 9.968678e-01
4.846130e-04 9.968370e-01
4.870420e-04 9.968062e-01
4.894830e-04 9.967806e-01
4.919370e-04 9.967499e-01
4.944020e-04 9.967191e-01
4.968810e-04 9.966883e-01
4.993710e-04 9.966576e-01
5.018740e-04 9.966268e-01
5.043900e-04 9.965909e-01
5.069180e-04 9.965602e-01
5.094590e-04 9.965294e-01
5.120130e-04 9.964987e-01
5.145790e-04 9.964628e-01
5.171590e-04 9.964320e-01
5.197510e-04 9.963961e-01
5.223560e-04 9.963654e-01
5.249740e-04 9.963295e-01
5.276060e-04 9.962987e-01
5.302510e-04 9.962628e-01
5.329090e-04 9.962270e-01
5.355800e-04 9.961911e-01
5.382640e-04 9.961552e-01
5.409630e-04 9.961244e-01
5.436740e-04 9.960885e-01
5.463990e-04 9.960527e-01
5.491380e-04 9.960116e-01
5.518910e-04 9.959758e-01
5.546570e-04 9.959399e-01
5.574370e-04 9.959040e-01
5.602310e-04 9.958630e-01
5.630400e-04 9.958271e-01
5.658620e-04 9.957861e-01
5.686980e-04 9.957502e-01
5.715490e-04 9.957092e-01
5.744140e-04 9.956733e-01
5.772930e-04 9.956323e-01
5.801860e-04 9.955913e-01
5.830950e-04 9.955503e-01
5.860180e-04 9.955093e-01
5.889550e-04 9.954682e-01
5.919070e-04 9.954272e-01
5.948740e-04 9.953862e-01
5.978560e-04 9.953452e-01
6.008530e-04 9.952991e-01
6.038640e-04 9.952581e-01
6.068910e-04 9.952171e-01
6.099330e-04 9.951709e-01
6.129910e-04 9.951299e-01
6.160640e-04 9.950838e-01
6.191510e-04 9.950376e-01
6.222550e-04 9.949966e-01
6.253740e-04 9.949505e-01
6.285090e-04 9.949043e-01
6.316590e-04 9.948582e-01
6.348250e-04 9.948121e-01
6.380070e-04 9.947659e-01
6.412050e-04 9.947147e-01
6.444190e-04 9.946685e-01
6.476500e-04 9.946224e-01
6.508960e-04 9.945711e-01
6.541590e-04 9.945250e-01
6.574370e-04 9.944737e-01
6.607330e-04 9.944276e-01
6.640450e-04 9.943763e-01
6.673740e-04 9.943251e-01
6.707190e-04 9.942738e-01
6.740810e-04 9.942225e-01
6.774600e-04 9.941713e-01
6.808550e-04 9.941200e-01
6.842680e-04 9.940687e-01
6.876980e-04 9.940123e-01
6.911450e-04 9.939611e-01
6.946100e-04 9.939047e-01
6.980910e-04 9.938534e-01
7.015900e-04 9.937970e-01
7.051070e-04 9.937406e-01
7.086420e-04 9.936894e-01
7.121940e-04 9.936330e-01
7.157630e-04 9.935766e-01
7.193510e-04 9.935202e-01
7.229570e-04 9.934587e-01
7.265810e-04 9.934023e-01
7.302230e-04 9.933459e-01
7.338830e-04 9.932844e-01
7.375620e-04 9.932280e-01
7.412590e-04 9.931665e-01
7.449740e-04 9.931101e-01
7.487090e-04 9.930486e-01
7.524610e-04 9.929871e-01
7.562330e-04 9.929255e-01
7.600240e-04 9.928640e-01
7.638330e-04 9.928025e-01
7.676620e-04 9.927359e-01
7.715100e-04 9.926743e-01
7.753770e-04 9.926128e-01
7.792640e-04 9.925462e-01
7.831700e-04 9.924795e-01
7.870960e-04 9.924180e-01
7.910410e-04 9.923514e-01
7.950060e-04 9.922847e-01
7.989910e-04 9.922181e-01
8.029960e-04 9.921515e-01
8.070210e-04 9.920797e-01
8.110660e-04 9.920130e-01
8.151320e-04 9.919464e-01
8.192180e-04 9.918746e-01
8.233240e-04 9.918029e-01
8.274510e-04 9.917362e-01
8.315990e-04 9.916644e-01
8.357670e-04 9.915927e-01
8.399560e-04 9.915209e-01
8.441660e-04 9.914440e-01
8.483980e-04 9.913722e-01
8.526510e-04 9.913005e-01
8.569250e-04 9.912236e-01
8.612200e-04 9.911518e-01
8.655370e-04 9.910749e-01
8.698750e-04 9.909980e-01
8.742360e-04 9.909211e-01
8.786170e-04 9.908442e-01
8.830220e-04 9.907673e-01
8.874480e-04 9.906904e-01
8.918960e-04 9.906084e-01
8.963670e-04 9.905315e-01
9.008600e-04 9.904495e-01
9.053760e-04 9.903675e-01
9.099140e-04 9.902854e-01
9.144750e-04 9.902034e-01
9.190580e-04 9.901214e-01
9.236650e-04 9.900394e-01
9.282950e-04 9.899573e-01
9.329480e-04 9.898702e-01
9.376250e-04 9.897882e-01
9.423250e-04 9.897010e-01
9.470480e-04 9.896139e-01
9.517950e-04 9.895267e-01
9.565660e-04 9.894396e-01
9.613610e-04 9.893524e-01
9.661800e-04 9.892602e-01
9.710230e-04 9.891730e-01
9.758900e-04 9.890807e-01
9.807820e-04 9.889936e-01
9.856980e-04 9.889013e-01
9.906390e-04 9.888090e-01
9.956040e-04 9.887168e-01
1.000590e-03 9.886194e-01
1.005610e-03 9.885271e-01
1.010650e-03 9.884297e-01
1.015720e-03 9.883374e-01
1.020810e-03 9.882400e-01
1.025920e-03 9.881426e-01
1.031070e-03 9.880452e-01
1.036240e-03 9.879478e-01
1.041430e-03 9.878453e-01
1.046650e-03 9.877479e-01
1.051900e-03 9.876453e-01
1.057170e-03 9.875479e-01
1.062470e-03 9.874454e-01
1.067790e-03 9.873429e-01
1.073150e-03 9.872352e-01
1.078530e-03 9.871327e-01
1.083930e-03 9.870302e-01
1.089360e-03 9.869225e-01
1.094830e-03 9.868149e-01
1.100310e-03 9.867072e-01
1.105830e-03 9.865995e-01
1.111370e-03 9.864919e-01
1.116940e-03 9.863842e-01
1.122540e-03 9.862715e-01
1.128170e-03 9.861587e-01
1.133820e-03 9.860510e-01
1.139510e-03 9.859382e-01
1.145220e-03 9.858203e-01
1.150960e-03 9.857075e-01
1.156730e-03 9.855948e-01
1.162530e-03 9.854769e-01
1.168350e-03 9.853590e-01
1.174210e-03 9.852410e-01
1.180090e-03 9.851231e-01
1.186010e-03 9.850052e-01
1.191950e-03 9.848873e-01
1.197930e-03 9.847643e-01
1.203930e-03 9.846413e-01
1.209970e-03 9.845182e-01
1.216030e-03 9.843952e-01
1.222130e-03 9.842722e-01
1.228250e-03 9.841491e-01
1.234410e-03 9.840210e-01
1.240600e-03 9.838928e-01
1.246820e-03 9.837646e-01
1.253070e-03 9.836365e-01
1.259350e-03 9.835083e-01
1.265660e-03 9.833750e-01
1.272010e-03 9.832469e-01
1.278380e-03 9.831136e-01
1.284790e-03 9.829803e-01
1.291230e-03 9.828470e-01
1.297700e-03 9.827086e-01
1.304210e-03 9.825753e-01
1.310740e-03 9.824369e-01
1.317310e-03 9.822985e-01
1.323920e-03 9.821601e-01
1.330550e-03 9.820217e-01
1.337220e-03 9.818781e-01
1.343930e-03 9.817397e-01
1.350660e-03 9.815962e-01
1.357430e-03 9.814526e-01
1.364240e-03 9.813091e-01
1.371070e-03 9.811604e-01
1.377950e-03 9.810169e-01
1.384850e-03 9.808682e-01
1.391800e-03 9.807195e-01
1.398770e-03 9.805709e-01
1.405780e-03 9.804171e-01
1.412830e-03 9.802684e-01
1.419910e-03 9.801146e-01
1.427030e-03 9.799608e-01
1.434180e-03 9.798070e-01
1.441370e-03 9.796481e-01
1.448600e-03 9.794943e-01
1.455860e-03 9.793354e-01
1.463150e-03 9.791765e-01
1.470490e-03 9.790176e-01
1.477860e-03 9.788535e-01
1.485270e-03 9.786895e-01
1.492710e-03 9.785306e-01
1.500190e-03 9.783614e-01
1.507710e-03 9.781973e-01
1.515270e-03 9.780333e-01
1.522870e-03 9.778641e-01
1.530500e-03 9.776950e-01
1.538170e-03 9.775258e-01
1.545880e-03 9.773515e-01
1.553630e-03 9.771823e-01
1.561420e-03 9.770080e-01
1.569250e-03 9.768337e-01
1.577110e-03 9.766594e-01
1.585020e-03 9.764800e-01
1.592960e-03 9.763006e-01
1.600950e-03 9.761211e-01
1.608970e-03 9.759417e-01
1.617040e-03 9.757623e-01
1.625140e-03 9.755777e-01
1.633290e-03 9.753932e-01
1.641470e-03 9.752086e-01
1.649700e-03 9.750241e-01
1.657970e-03 9.748344e-01
1.666280e-03 9.746447e-01
1.674630e-03 9.744551e-01
1.683030e-03 9.742654e-01
1.691460e-03 9.740706e-01
1.699940e-03 9.738758e-01
1.708460e-03 9.736810e-01
1.717030e-03 9.734862e-01
1.725630e-03 9.732914e-01
1.734280e-03 9.730914e-01
1.742980e-03 9.728915e-01
1.751710e-03 9.726864e-01
1.760490e-03 9.724865e-01
1.769320e-03 9.722815e-01
1.778190e-03 9.720764e-01
1.787100e-03 9.718713e-01
1.796060e-03 9.716612e-01
1.805060e-03 9.714510e-01
1.814110e-03 9.712408e-01
1.823200e-03 9.710306e-01
1.832340e-03 9.708153e-01
1.841530e-03 9.706000e-01
1.850760e-03 9.703847e-01
1.860030e-03 9.701694e-01
1.869360e-03 9.699489e-01
1.878730e-03 9.697285e-01
1.888140e-03 9.695081e-01
1.897610e-03 9.692825e-01
1.907120e-03 9.690569e-01
1.916680e-03 9.688314e-01
1.926290e-03 9.686058e-01
1.935940e-03 9.683751e-01
1.945650e-03 9.681444e-01
1.955400e-03 9.679138e-01
1.965200e-03 9.676831e-01
1.975050e-03 9.674472e-01
1.984950e-03 9.672114e-01
1.994900e-03 9.669756e-01
2.004900e-03 9.667347e-01
2.014950e-03 9.664937e-01
2.025050e-03 9.662528e-01
2.035200e-03 9.660067e-01
2.045400e-03 9.657607e-01
2.055660e-03 9.655146e-01
2.065960e-03 9.652685e-01
2.076310e-03 9.650173e-01
2.086720e-03 9.647661e-01
2.097180e-03 9.645149e-01
2.107690e-03 9.642586e-01
2.118260e-03 9.640023e-01
2.128880e-03 9.637460e-01
2.139550e-03 9.634897e-01
2.150270e-03 9.632282e-01
2.161050e-03 9.629668e-01
2.171880e-03 9.627002e-01
2.182770e-03 9.624336e-01
2.193710e-03 9.621670e-01
2.204710e-03 9.619005e-01
2.215760e-03 9.616288e-01
2.226860e-03 9.613571e-01
2.238030e-03 9.610854e-01
2.249240e-03 9.608085e-01
2.260520e-03 9.605317e-01
2.271850e-03 9.602549e-01
2.283240e-03 9.599729e-01
2.294680e-03 9.596910e-01
2.306180e-03 9.594090e-01
2.317740e-03 9.591219e-01
2.329360e-03 9.588349e-01
2.341040e-03 9.585427e-01
2.352770e-03 9.582556e-01
2.364570e-03 9.579634e-01
2.376420e-03 9.576660e-01
2.388330e-03 9.573738e-01
2.400300e-03 9.570765e-01
2.412330e-03 9.567740e-01
2.424430e-03 9.564716e-01
2.436580e-03 9.561691e-01
2.448790e-03 9.558667e-01
2.461070e-03 9.555591e-01
2.473400e-03 9.552515e-01
2.485800e-03 9.549388e-01
2.498260e-03 9.546261e-01
2.510780e-03 9.543134e-01
2.523370e-03 9.540007e-01
2.536020e-03 9.536828e-01
2.548730e-03 9.533599e-01
2.561500e-03 9.530420e-01
2.574340e-03 9.527191e-01
2.587250e-03 9.523910e-01
2.600220e-03 9.520629e-01
2.613250e-03 9.517348e-01
2.626350e-03 9.514067e-01
2.639510e-03 9.510735e-01
2.652740e-03 9.507351e-01
2.666040e-03 9.504019e-01
2.679400e-03 9.500636e-01
2.692840e-03 9.497201e-01
2.706330e-03 9.493766e-01
2.719900e-03 9.490332e-01
2.733530e-03 9.486897e-01
2.747230e-03 9.483411e-01
2.761010e-03 9.479874e-01
2.774840e-03 9.476336e-01
2.788750e-03 9.472799e-01
2.802730e-03 9.469262e-01
2.816780e-03 9.465674e-01
2.830900e-03 9.462034e-01
2.845090e-03 9.458445e-01
2.859350e-03 9.454754e-01
2.873680e-03 9.451114e-01
2.888090e-03 9.447423e-01
2.902560e-03 9.443732e-01
2.917110e-03 9.439990e-01
2.931740e-03 9.436248e-01
2.946430e-03 9.432454e-01
2.961200e-03 9.428661e-01
2.976040e-03 9.424867e-01
2.990960e-03 9.421022e-01
3.005950e-03 9.417126e-01
3.021020e-03 9.413282e-01
3.036160e-03 9.409385e-01
3.051380e-03 9.405438e-01
3.066680e-03 9.401491e-01
3.082050e-03 9.397543e-01
3.097500e-03 9.393545e-01
3.113020e-03 9.389546e-01
3.128630e-03 9.385496e-01
3.144310e-03 9.381446e-01
3.160070e-03 9.377345e-01
3.175910e-03 9.373244e-01
3.191830e-03 9.369143e-01
3.207830e-03 9.364991e-01
3.223910e-03 9.360787e-01
3.240070e-03 9.356635e-01
3.256310e-03 9.352380e-01
3.272630e-03 9.348176e-01
3.289040e-03 9.343921e-01
3.305520e-03 9.339615e-01
3.322090e-03 9.335309e-01
3.338740e-03 9.331003e-01
3.355480e-03 9.326645e-01
3.372300e-03 9.322236e-01
3.389200e-03 9.317828e-01
3.406190e-03 9.313419e-01
3.423260e-03 9.308959e-01
3.440420e-03 9.304499e-01
3.457670e-03 9.299988e-01
3.475000e-03 9.295476e-01
3.492420e-03 9.290914e-01
3.509920e-03 9.286351e-01
3.527520e-03 9.281738e-01
3.545200e-03 9.277124e-01
3.562970e-03 9.272510e-01
3.580830e-03 9.267845e-01
3.598780e-03 9.263129e-01
3.616820e-03 9.258412e-01
3.634950e-03 9.253696e-01
3.653170e-03 9.248929e-01
3.671480e-03 9.244110e-01
3.689880e-03 9.239291e-01
3.708380e-03 9.234472e-01
3.726970e-03 9.229602e-01
3.745650e-03 9.224681e-01
3.764420e-03 9.219759e-01
3.783290e-03 9.214838e-01
3.802260e-03 9.209865e-01
3.821320e-03 9.204841e-01
3.840470e-03 9.199817e-01
3.859720e-03 9.194794e-01
3.879070e-03 9.189718e-01
3.898510e-03 9.184592e-01
3.918050e-03 9.179466e-01
3.937690e-03 9.174288e-01
3.957430e-03 9.169110e-01
3.977270e-03 9.163933e-01
3.997200e-03 9.158704e-01
4.017240e-03 9.153423e-01
4.037370e-03 9.148143e-01
4.057610e-03 9.142812e-01
4.077950e-03 9.137480e-01
4.098390e-03 9.132098e-01
4.118930e-03 9.126715e-01
4.139580e-03 9.121281e-01
4.160330e-03 9.115847e-01
4.181190e-03 9.110362e-01
4.202140e-03 9.104825e-01
4.223210e-03 9.099288e-01
4.244380e-03 9.093752e-01
4.265650e-03 9.088164e-01
4.287030e-03 9.082525e-01
4.308520e-03 9.076886e-01
4.330120e-03 9.071196e-01
4.351820e-03 9.065505e-01
4.373630e-03 9.059764e-01
4.395560e-03 9.054022e-01
4.417590e-03 9.048229e-01
4.439730e-03 9.042385e-01
4.461990e-03 9.036541e-01
4.484350e-03 9.030697e-01
4.506830e-03 9.024750e-01
4.529420e-03 9.018855e-01
4.552130e-03 9.012857e-01
4.574940e-03 9.006859e-01
4.597880e-03 9.000861e-01
4.620920e-03 8.994812e-01
4.644090e-03 8.988712e-01
4.667360e-03 8.982611e-01
4.690760e-03 8.976459e-01
4.714270e-03 8.970308e-01
4.737900e-03 8.964105e-01
4.761650e-03 8.957851e-01
4.785520e-03 8.951596e-01
4.809510e-03 8.945342e-01
4.833620e-03 8.938985e-01
4.857840e-03 8.932629e-01
4.882190e-03 8.926272e-01
4.906670e-03 8.919864e-01
4.931260e-03 8.913405e-01
4.955980e-03 8.906945e-01
4.980820e-03 8.900435e-01
5.005790e-03 8.893873e-01
5.030880e-03 8.887311e-01
5.056090e-03 8.880749e-01
5.081440e-03 8.874085e-01
5.106910e-03 8.867421e-01
5.132510e-03 8.860756e-01
5.158240e-03 8.854041e-01
5.184090e-03 8.847274e-01
5.210080e-03 8.840456e-01
5.236190e-03 8.833638e-01
5.262440e-03 8.826819e-01
5.288820e-03 8.819899e-01
5.315330e-03 8.813029e-01
5.341970e-03 8.806057e-01
5.368750e-03 8.799085e-01
5.395660e-03 8.792062e-01
5.422700e-03 8.785039e-01
5.449890e-03 8.777965e-01
5.477200e-03 8.770839e-01
5.504660e-03 8.763713e-01
5.532250e-03 8.756536e-01
5.559980e-03 8.749308e-01
5.587850e-03 8.742080e-01
5.615860e-03 8.734800e-01
5.644010e-03 8.727469e-01
5.672300e-03 8.720139e-01
5.700730e-03 8.712757e-01
5.729310e-03 8.705375e-01
5.758020e-03 8.697890e-01
5.786890e-03 8.690457e-01
5.815900e-03 8.682921e-01
5.845050e-03 8.675385e-01
5.874340e-03 8.667798e-01
5.903790e-03 8.660211e-01
5.933380e-03 8.652521e-01
5.963130e-03 8.644883e-01
5.993010e-03 8.637142e-01
6.023050e-03 8.629401e-01
6.053250e-03 8.621609e-01
6.083590e-03 8.613765e-01
6.114080e-03 8.605922e-01
6.144730e-03 8.598027e-01
6.175530e-03 8.590133e-01
6.206490e-03 8.582187e-01
6.237590e-03 8.574190e-01
6.268860e-03 8.566141e-01
6.300280e-03 8.558093e-01
6.331860e-03 8.549993e-01
6.363600e-03 8.541842e-01
6.395500e-03 8.533640e-01
6.427560e-03 8.525437e-01
6.459780e-03 8.517235e-01
6.492150e-03 8.508930e-01
6.524700e-03 8.500625e-01
6.557400e-03 8.492269e-01
6.590270e-03 8.483862e-01
6.623310e-03 8.475455e-01
6.656500e-03 8.466996e-01
6.689870e-03 8.458486e-01
6.723400e-03 8.449976e-01
6.757110e-03 8.441364e-01
6.790970e-03 8.432803e-01
6.825010e-03 8.424139e-01
6.859230e-03 8.415476e-01
6.893610e-03 8.406709e-01
6.928160e-03 8.397995e-01
6.962890e-03 8.389177e-01
6.997790e-03 8.380360e-01
7.032870e-03 8.371491e-01
7.068120e-03 8.362571e-01
7.103550e-03 8.353651e-01
7.139160e-03 8.344629e-01
7.174940e-03 8.335606e-01
7.210900e-03 8.326584e-01
7.247050e-03 8.317459e-01
7.283380e-03 8.308334e-01
7.319890e-03 8.299157e-01
7.356570e-03 8.289981e-01
7.393450e-03 8.280702e-01
7.430510e-03 8.271423e-01
7.467760e-03 8.262093e-01
7.505190e-03 8.252712e-01
7.542810e-03 8.243331e-01
7.580620e-03 8.233898e-01
7.618620e-03 8.224414e-01
7.656800e-03 8.214879e-01
7.695180e-03 8.205344e-01
7.733760e-03 8.195706e-01
7.772520e-03 8.186068e-01
7.811480e-03 8.176380e-01
7.850630e-03 8.166691e-01
7.889990e-03 8.156950e-01
7.929540e-03 8.147108e-01
7.969280e-03 8.137265e-01
8.009230e-03 8.127422e-01
8.049380e-03 8.117477e-01
8.089720e-03 8.107532e-01
8.130270e-03 8.097894e-01
8.171020e-03 8.087898e-01
8.211980e-03 8.077850e-01
8.253150e-03 8.067751e-01
8.294520e-03 8.057652e-01
8.336090e-03 8.047450e-01
8.377880e-03 8.037249e-01
8.419870e-03 8.026996e-01
8.462080e-03 8.016692e-01
8.504490e-03 8.006336e-01
8.547120e-03 7.995981e-01
8.589960e-03 7.985574e-01
8.633020e-03 7.975116e-01
8.676300e-03 7.964607e-01
8.719780e-03 7.954098e-01
8.763490e-03 7.943486e-01
8.807420e-03 7.932875e-01
8.851570e-03 7.922212e-01
8.895930e-03 7.911498e-01
8.940530e-03 7.900783e-01
8.985340e-03 7.889967e-01
9.030380e-03 7.879150e-01
9.075640e-03 7.868282e-01
9.121140e-03 7.857363e-01
9.166860e-03 7.846392e-01
9.212810e-03 7.835421e-01
9.258980e-03 7.824400e-01
9.305400e-03 7.813275e-01
9.352040e-03 7.802151e-01
9.398920e-03 7.791027e-01
9.446030e-03 7.779800e-01
9.493380e-03 7.768573e-01
9.540960e-03 7.757244e-01
9.588790e-03 7.745914e-01
9.636850e-03 7.734534e-01
9.685160e-03 7.723153e-01
9.733700e-03 7.711670e-01
9.782500e-03 7.700135e-01
9.831530e-03 7.688601e-01
9.880810e-03 7.677015e-01
9.930340e-03 7.665378e-01
9.980120e-03 7.653690e-01
1.003010e-02 7.642002e-01
1.008040e-02 7.630211e-01
1.013090e-02 7.618420e-01
1.018170e-02 7.606527e-01
1.023280e-02 7.594634e-01
1.028410e-02 7.582689e-01
1.033560e-02 7.570745e-01
1.038740e-02 7.558697e-01
1.043950e-02 7.544600e-01
1.049180e-02 7.532450e-01
1.054440e-02 7.520301e-01
1.059720e-02 7.508048e-01
1.065040e-02 7.495745e-01
1.070380e-02 7.483442e-01
1.075740e-02 7.471036e-01
1.081130e-02 7.458630e-01
1.086550e-02 7.446173e-01
1.092000e-02 7.433664e-01
1.097470e-02 7.421104e-01
1.102970e-02 7.408493e-01
1.108500e-02 7.395882e-01
1.114060e-02 7.383169e-01
1.119640e-02 7.370455e-01
1.125250e-02 7.357639e-01
1.130900e-02 7.344823e-01
1.136560e-02 7.331956e-01
1.142260e-02 7.319037e-01
1.147990e-02 7.306068e-01
1.153740e-02 7.293047e-01
1.159520e-02 7.279974e-01
1.165340e-02 7.266902e-01
1.171180e-02 7.253727e-01
1.177050e-02 7.240552e-01
1.182950e-02 7.227275e-01
1.188880e-02 7.213997e-01
1.194840e-02 7.200668e-01
1.200830e-02 7.187289e-01
1.206850e-02 7.173857e-01
1.212890e-02 7.160375e-01
1.218970e-02 7.146841e-01
1.225080e-02 7.133307e-01
1.231220e-02 7.119671e-01
1.237400e-02 7.106035e-01
1.243600e-02 7.092296e-01
1.249830e-02 7.078557e-01
1.256100e-02 7.064716e-01
1.262390e-02 7.050875e-01
1.268720e-02 7.036982e-01
1.275080e-02 7.024525e-01
1.281470e-02 7.010581e-01
1.287900e-02 6.996535e-01
1.294350e-02 6.982488e-01
1.300840e-02 6.968339e-01
1.307360e-02 6.954190e-01
1.313910e-02 6.939990e-01
1.320500e-02 6.925739e-01
1.327120e-02 6.911436e-01
1.333770e-02 6.897082e-01
1.340460e-02 6.882677e-01
1.347170e-02 6.868220e-01
1.353930e-02 6.853713e-01
1.360710e-02 6.839154e-01
1.367530e-02 6.824595e-01
1.374390e-02 6.809933e-01
1.381280e-02 6.795271e-01
1.388200e-02 6.780507e-01
1.395160e-02 6.765743e-01
1.402150e-02 6.750928e-01
1.409180e-02 6.736061e-01
1.416250e-02 6.721143e-01
1.423340e-02 6.706123e-01
1.430480e-02 6.691103e-01
1.437650e-02 6.676082e-01
1.444860e-02 6.660959e-01
1.452100e-02 6.645785e-01
1.459380e-02 6.630560e-01
1.466690e-02 6.615334e-01
1.474040e-02 6.600006e-01
1.481430e-02 6.584678e-01
1.488860e-02 6.569248e-01
1.496320e-02 6.553817e-01
1.503820e-02 6.538335e-01
1.511360e-02 6.522290e-01
1.518940e-02 6.506654e-01
1.526550e-02 6.491019e-01
1.534200e-02 6.475332e-01
1.541890e-02 6.459594e-01
1.549620e-02 6.443804e-01
1.557390e-02 6.428015e-01
1.565190e-02 6.412123e-01
1.573040e-02 6.396180e-01
1.580920e-02 6.380237e-01
1.588850e-02 6.364191e-01
1.596810e-02 6.348145e-01
1.604820e-02 6.331997e-01
1.612860e-02 6.315849e-01
1.620950e-02 6.299649e-01
1.629070e-02 6.283399e-01
1.637240e-02 6.267097e-01
1.645440e-02 6.250743e-01
1.653690e-02 6.234339e-01
1.661980e-02 6.217934e-01
1.670310e-02 6.201427e-01
1.678680e-02 6.184920e-01
1.687100e-02 6.168311e-01
1.695550e-02 6.151701e-01
1.704050e-02 6.135040e-01
1.712590e-02 6.118328e-01
1.721180e-02 6.101565e-01
1.729810e-02 6.084750e-01
1.738480e-02 6.067987e-01
1.747190e-02 6.051121e-01
1.755950e-02 6.034152e-01
1.764750e-02 6.017184e-01
1.773600e-02 6.000164e-01
1.782490e-02 5.983093e-01
1.791420e-02 5.965971e-01
1.800400e-02 5.948849e-01
1.809430e-02 5.931624e-01
1.818500e-02 5.914399e-01
1.827610e-02 5.897123e-01
1.836770e-02 5.879796e-01
1.845980e-02 5.862417e-01
1.855230e-02 5.844987e-01
1.864530e-02 5.827558e-01
1.873880e-02 5.810025e-01
1.883270e-02 5.792493e-01
1.892710e-02 5.774909e-01
1.902200e-02 5.757274e-01
1.911730e-02 5.739640e-01
1.921310e-02 5.721953e-01
1.930940e-02 5.704216e-01
1.940620e-02 5.686427e-01
1.950350e-02 5.668587e-01
1.960130e-02 5.650747e-01
1.969950e-02 5.632805e-01
1.979830e-02 5.614914e-01
1.989750e-02 5.596920e-01
1.999720e-02 5.578926e-01
2.009750e-02 5.560830e-01
2.019820e-02 5.542785e-01
2.029950e-02 5.524638e-01
2.040120e-02 5.506490e-01
2.050350e-02 5.488291e-01
2.060630e-02 5.470041e-01
2.070950e-02 5.451791e-01
2.081340e-02 5.433490e-01
2.091770e-02 5.415137e-01
2.102250e-02 5.396785e-01
2.112790e-02 5.378381e-01
2.123380e-02 5.359926e-01
2.134020e-02 5.341471e-01
2.144720e-02 5.322964e-01
2.155470e-02 5.304458e-01
2.166280e-02 5.285900e-01
2.177130e-02 5.267291e-01
2.188050e-02 5.248683e-01
2.199010e-02 5.230022e-01
2.210040e-02 5.211362e-01
2.221110e-02 5.192651e-01
2.232250e-02 5.173888e-01
2.243440e-02 5.155125e-01
2.254680e-02 5.136363e-01
2.265980e-02 5.117544e-01
2.277340e-02 5.098704e-01
2.288760e-02 5.079844e-01
2.300230e-02 5.060958e-01
2.311760e-02 5.042052e-01
2.323350e-02 5.023120e-01
2.334990e-02 5.004168e-01
2.346700e-02 4.985195e-01
2.358460e-02 4.966202e-01
2.370280e-02 4.947193e-01
2.382160e-02 4.928158e-01
2.394110e-02 4.909109e-01
2.406110e-02 4.890043e-01
2.418170e-02 4.870963e-01
2.430290e-02 4.851862e-01
2.442470e-02 4.832751e-01
2.454710e-02 4.813624e-01
2.467020e-02 4.794482e-01
2.479380e-02 4.775330e-01
2.491810e-02 4.756162e-01
2.504300e-02 4.736989e-01
2.516850e-02 4.717806e-01
2.529470e-02 4.698608e-01
2.542150e-02 4.679404e-01
2.554890e-02 4.660195e-01
2.567700e-02 4.640982e-01
2.580570e-02 4.621763e-01
2.593500e-02 4.602539e-01
2.606500e-02 4.583309e-01
2.619570e-02 4.564075e-01
2.632700e-02 4.544846e-01
2.645900e-02 4.525617e-01
2.659160e-02 4.506382e-01
2.672490e-02 4.487153e-01
2.685880e-02 4.467929e-01
2.699350e-02 4.448705e-01
2.712880e-02 4.429486e-01
2.726480e-02 4.410272e-01
2.740140e-02 4.391069e-01
2.753880e-02 4.371870e-01
2.767680e-02 4.352682e-01
2.781550e-02 4.333504e-01
2.795500e-02 4.314342e-01
2.809510e-02 4.295189e-01
2.823590e-02 4.276052e-01
2.837740e-02 4.256926e-01
2.851970e-02 4.237820e-01
2.866260e-02 4.218734e-01
2.880630e-02 4.199659e-01
2.895070e-02 4.180609e-01
2.909580e-02 4.161580e-01
2.924170e-02 4.142576e-01
2.938820e-02 4.123588e-01
2.953560e-02 4.104630e-01
2.968360e-02 4.085698e-01
2.983240e-02 4.066797e-01
2.998190e-02 4.047917e-01
3.013220e-02 4.029077e-01
3.028320e-02 4.010263e-01
3.043500e-02 3.991480e-01
3.058760e-02 3.972738e-01
3.074090e-02 3.954026e-01
3.089500e-02 3.935351e-01
3.104990e-02 3.916711e-01
3.120550e-02 3.898118e-01
3.136190e-02 3.879565e-01
3.151910e-02 3.861054e-01
3.167710e-02 3.842583e-01
3.183590e-02 3.824159e-01
3.199550e-02 3.805781e-01
3.215590e-02 3.787448e-01
3.231700e-02 3.769168e-01
3.247900e-02 3.750923e-01
3.264180e-02 3.732519e-01
3.280540e-02 3.714166e-01
3.296990e-02 3.695865e-01
3.313510e-02 3.677615e-01
3.330120e-02 3.659421e-01
3.346820e-02 3.641289e-01
3.363590e-02 3.623213e-01
3.380450e-02 3.605194e-01
3.397400e-02 3.587241e-01
3.414420e-02 3.569355e-01
3.431540e-02 3.551531e-01
3.448740e-02 3.533773e-01
3.466030e-02 3.516082e-01
3.483400e-02 3.498462e-01
3.500860e-02 3.480914e-01
3.518410e-02 3.463438e-01
3.536050e-02 3.446039e-01
3.553770e-02 3.428712e-01
3.571580e-02 3.411467e-01
3.589490e-02 3.394293e-01
3.607480e-02 3.377202e-01
3.625560e-02 3.360192e-01
3.643740e-02 3.343270e-01
3.662000e-02 3.326425e-01
3.680360e-02 3.309671e-01
3.698800e-02 3.293000e-01
3.717340e-02 3.276422e-01
3.735980e-02 3.259930e-01
3.754700e-02 3.243525e-01
3.773520e-02 3.227218e-01
3.792440e-02 3.210998e-01
3.811450e-02 3.194876e-01
3.830560e-02 3.178850e-01
3.849760e-02 3.162918e-01
3.869050e-02 3.147087e-01
3.888440e-02 3.131349e-01
3.907940e-02 3.115713e-01
3.927520e-02 3.100180e-01
3.947210e-02 3.084745e-01
3.967000e-02 3.069412e-01
3.986880e-02 3.054181e-01
4.006870e-02 3.039053e-01
4.026950e-02 3.024033e-01
4.047130e-02 3.009120e-01
4.067420e-02 2.994305e-01
4.087810e-02 2.979602e-01
4.108300e-02 2.965002e-01
4.128890e-02 2.950510e-01
4.149590e-02 2.936125e-01
4.170390e-02 2.921843e-01
4.191290e-02 2.907678e-01
4.212300e-02 2.893617e-01
4.233420e-02 2.879662e-01
4.254640e-02 2.865816e-01
4.275960e-02 2.852077e-01
4.297400e-02 2.838451e-01
4.318940e-02 2.824928e-01
4.340590e-02 2.811517e-01
4.362350e-02 2.798209e-01
4.384210e-02 2.785013e-01
4.406180e-02 2.771921e-01
4.428270e-02 2.758935e-01
4.450470e-02 2.746058e-01
4.472780e-02 2.733283e-01
4.495200e-02 2.720615e-01
4.517730e-02 2.708051e-01
4.540380e-02 2.695593e-01
4.563130e-02 2.683239e-01
4.586000e-02 2.670981e-01
4.608990e-02 2.658827e-01
4.632100e-02 2.646774e-01
4.655310e-02 2.634820e-01
4.678650e-02 2.622962e-01
4.702100e-02 2.611207e-01
4.725670e-02 2.599545e-01
4.749360e-02 2.587985e-01
4.773160e-02 2.576512e-01
4.797090e-02 2.565136e-01
4.821140e-02 2.553853e-01
4.845300e-02 2.542657e-01
4.869590e-02 2.531558e-01
4.894000e-02 2.520542e-01
4.918530e-02 2.509617e-01
4.943190e-02 2.498821e-01
4.967960e-02 2.488071e-01
4.992860e-02 2.477398e-01
5.017890e-02 2.466812e-01
5.043040e-02 2.456308e-01
5.068320e-02 2.445880e-01
5.093730e-02 2.435535e-01
5.119260e-02 2.425267e-01
5.144920e-02 2.415071e-01
5.170710e-02 2.404956e-01
5.196620e-02 2.394908e-01
5.222670e-02 2.384932e-01
5.248850e-02 2.375028e-01
5.275160e-02 2.365196e-01
5.301600e-02 2.355425e-01
5.328180e-02 2.345720e-01
5.354890e-02 2.336078e-01
5.381730e-02 2.326502e-01
5.408700e-02 2.316977e-01
5.435810e-02 2.307513e-01
5.463060e-02 2.298106e-01
5.490450e-02 2.288751e-01
5.517970e-02 2.279441e-01
5.545630e-02 2.270183e-01
5.573430e-02 2.260971e-01
5.601360e-02 2.251804e-01
5.629430e-02 2.242674e-01
5.657650e-02 2.233585e-01
5.686010e-02 2.224532e-01
5.714510e-02 2.215504e-01
5.743160e-02 2.206513e-01
5.771950e-02 2.197546e-01
5.800880e-02 2.188601e-01
5.829960e-02 2.179676e-01
5.859180e-02 2.170771e-01
5.888550e-02 2.161877e-01
5.918060e-02 2.152998e-01
5.947730e-02 2.144119e-01
5.977540e-02 2.135250e-01
6.007510e-02 2.126382e-01
6.037620e-02 2.117508e-01
6.067880e-02 2.108629e-01
6.098290e-02 2.099745e-01
6.128860e-02 2.090850e-01
6.159580e-02 2.081936e-01
6.190460e-02 2.073005e-01
6.221490e-02 2.064055e-01
6.252680e-02 2.055083e-01
6.284020e-02 2.046081e-01
6.315520e-02 2.037054e-01
6.347180e-02 2.027995e-01
6.378990e-02 2.018906e-01
6.410960e-02 2.009781e-01
6.443100e-02 2.000620e-01
6.475390e-02 1.991418e-01
6.507850e-02 1.982175e-01
6.540470e-02 1.972892e-01
6.573260e-02 1.963567e-01
6.606210e-02 1.954195e-01
6.639320e-02 1.944783e-01
6.672600e-02 1.935320e-01
6.706040e-02 1.925816e-01
6.739660e-02 1.916260e-01
6.773440e-02 1.906658e-01
6.807400e-02 1.897005e-01
6.841520e-02 1.887306e-01
6.875810e-02 1.877561e-01
6.910270e-02 1.867764e-01
6.944910e-02 1.857916e-01
6.979720e-02 1.848022e-01
7.014710e-02 1.838082e-01
7.049870e-02 1.828096e-01
7.085210e-02 1.818058e-01
7.120730e-02 1.807970e-01
7.156420e-02 1.797840e-01
7.192290e-02 1.787659e-01
7.228340e-02 1.777437e-01
7.264570e-02 1.767163e-01
7.300990e-02 1.756844e-01
7.337580e-02 1.746478e-01
7.374360e-02 1.736072e-01
7.411330e-02 1.725619e-01
7.448480e-02 1.715125e-01
7.485820e-02 1.704590e-01
7.523330e-02 1.694014e-01
7.561040e-02 1.683392e-01
7.598940e-02 1.672740e-01
7.637030e-02 1.662046e-01
7.675320e-02 1.651316e-01
7.713790e-02 1.640556e-01
7.752460e-02 1.629760e-01
7.791320e-02 1.618938e-01
7.830360e-02 1.608096e-01
7.869610e-02 1.597228e-01
7.909060e-02 1.586339e-01
7.948710e-02 1.575430e-01
7.988550e-02 1.564511e-01
8.028600e-02 1.553586e-01
8.068840e-02 1.542657e-01
8.109290e-02 1.531727e-01
8.149940e-02 1.520803e-01
8.190780e-02 1.509894e-01
8.231840e-02 1.498995e-01
8.273100e-02 1.488117e-01
8.314570e-02 1.477264e-01
8.356250e-02 1.466448e-01
8.398130e-02 1.455667e-01
8.440230e-02 1.444927e-01
8.482540e-02 1.434238e-01
8.525050e-02 1.423611e-01
8.567780e-02 1.413041e-01
8.610730e-02 1.402537e-01
8.653890e-02 1.392104e-01
8.697270e-02 1.381754e-01
8.740870e-02 1.371486e-01
8.784680e-02 1.361310e-01
8.828720e-02 1.351226e-01
8.872960e-02 1.341245e-01
8.917440e-02 1.331361e-01
8.962140e-02 1.321596e-01
9.007060e-02 1.311937e-01
9.052210e-02 1.302397e-01
9.097590e-02 1.292980e-01
9.143190e-02 1.283686e-01
9.189030e-02 1.274520e-01
9.235090e-02 1.265487e-01
9.281370e-02 1.256587e-01
9.327890e-02 1.247826e-01
9.374650e-02 1.239199e-01
9.421640e-02 1.230709e-01
9.468870e-02 1.222363e-01
9.516330e-02 1.214161e-01
9.564040e-02 1.206102e-01
9.611980e-02 1.198187e-01
9.660150e-02 1.190416e-01
9.708570e-02 1.182788e-01
9.757240e-02 1.175303e-01
9.806150e-02 1.167962e-01
9.855300e-02 1.160759e-01
9.904700e-02 1.153700e-01
9.954350e-02 1.146780e-01
1.000420e-01 1.139997e-01
1.005440e-01 1.133353e-01
1.010480e-01 1.126838e-01
1.015540e-01 1.120455e-01
1.020630e-01 1.114201e-01
1.025750e-01 1.108075e-01
1.030890e-01 1.102067e-01
1.036060e-01 1.096182e-01
1.041250e-01 1.090415e-01
1.046470e-01 1.084760e-01
1.051720e-01 1.079213e-01
1.056990e-01 1.073774e-01
1.062290e-01 1.068438e-01
1.067610e-01 1.063198e-01
1.072960e-01 1.058057e-01
1.078340e-01 1.053002e-01
1.083750e-01 1.048029e-01
1.089180e-01 1.043139e-01
1.094640e-01 1.038325e-01
1.100130e-01 1.033573e-01
1.105640e-01 1.028887e-01
1.111180e-01 1.024253e-01
1.116750e-01 1.019675e-01
1.122350e-01 1.015133e-01
1.127980e-01 1.010627e-01
1.133630e-01 1.006147e-01
1.139310e-01 1.001687e-01
1.145020e-01 9.972420e-02
1.150760e-01 9.927974e-02
1.156530e-01 9.883477e-02
1.162330e-01 9.838928e-02
1.168150e-01 9.794123e-02
1.174010e-01 9.749113e-02
1.179890e-01 9.703744e-02
1.185810e-01 9.657965e-02
1.191750e-01 9.611776e-02
1.197730e-01 9.565075e-02
1.203730e-01 9.517758e-02
1.209760e-01 9.469877e-02
1.215830e-01 9.421279e-02
1.221920e-01 9.372065e-02
1.228050e-01 9.322083e-02
1.234200e-01 9.271382e-02
1.240390e-01 9.219964e-02
1.246610e-01 9.167726e-02
1.252850e-01 9.114668e-02
1.259130e-01 9.060892e-02
1.265450e-01 9.006295e-02
1.271790e-01 8.950930e-02
1.278160e-01 8.894744e-02
1.284570e-01 8.837790e-02
1.291010e-01 8.780118e-02
1.297480e-01 8.721728e-02
1.303980e-01 8.662569e-02
1.310520e-01 8.602795e-02
1.317090e-01 8.542303e-02
1.323690e-01 8.481196e-02
1.330330e-01 8.419525e-02
1.337000e-01 8.357342e-02
1.343700e-01 8.294595e-02
1.350430e-01 8.231489e-02
1.357200e-01 8.167921e-02
1.364000e-01 8.104046e-02
1.370840e-01 8.039914e-02
1.377710e-01 7.975578e-02
1.384620e-01 7.911139e-02
1.391560e-01 7.846597e-02
1.398530e-01 7.782055e-02
1.405540e-01 7.717565e-02
1.412590e-01 7.653280e-02
1.419670e-01 7.589200e-02
1.426790e-01 7.525427e-02
1.433940e-01 7.462013e-02
1.441130e-01 7.399061e-02
1.448350e-01 7.336672e-02
1.455610e-01 7.274899e-02
1.462900e-01 7.213843e-02
1.470240e-01 7.153557e-02
1.477610e-01 7.094090e-02
1.485010e-01 7.035547e-02
1.492460e-01 6.978028e-02
1.499940e-01 6.921586e-02
1.507460e-01 6.866221e-02
1.515010e-01 6.812086e-02
1.522610e-01 6.759130e-02
1.530240e-01 6.707456e-02
1.537910e-01 6.657063e-02
1.545620e-01 6.607952e-02
1.553370e-01 6.560225e-02
1.561150e-01 6.513780e-02
1.568980e-01 6.468719e-02
1.576840e-01 6.424939e-02
1.584750e-01 6.382441e-02
1.592690e-01 6.341276e-02
1.600670e-01 6.301290e-02
1.608700e-01 6.262534e-02
1.616760e-01 6.224957e-02
1.624860e-01 6.188457e-02
1.633010e-01 6.153034e-02
1.641200e-01 6.118584e-02
1.649420e-01 6.085058e-02
1.657690e-01 6.052402e-02
1.666000e-01 6.020516e-02
1.674350e-01 5.989347e-02
1.682740e-01 5.958743e-02
1.691180e-01 5.928702e-02
1.699650e-01 5.899071e-02
1.708170e-01 5.869748e-02
1.716740e-01 5.840732e-02
1.725340e-01 5.811871e-02
1.733990e-01 5.783060e-02
1.742680e-01 5.754250e-02
1.751420e-01 5.725337e-02
1.760190e-01 5.696219e-02
1.769020e-01 5.666896e-02
1.777890e-01 5.637265e-02
1.786800e-01 5.607275e-02
1.795750e-01 5.576824e-02
1.804750e-01 5.545963e-02
1.813800e-01 5.514487e-02
1.822890e-01 5.482498e-02
1.832030e-01 5.449894e-02
1.841210e-01 5.416624e-02
1.850440e-01 5.382738e-02
1.859720e-01 5.348135e-02
1.869040e-01 5.312917e-02
1.878410e-01 5.276980e-02
1.887820e-01 5.240378e-02
1.897290e-01 5.203109e-02
1.906800e-01 5.165224e-02
1.916350e-01 5.126776e-02
1.925960e-01 5.087754e-02
1.935610e-01 5.048260e-02
1.945320e-01 5.008341e-02
1.955070e-01 4.968057e-02
1.964870e-01 4.927497e-02
1.974710e-01 4.886716e-02
1.984610e-01 4.845808e-02
1.994560e-01 4.804853e-02
2.004560e-01 4.763944e-02
2.014610e-01 4.723173e-02
2.024710e-01 4.682618e-02
2.034860e-01 4.642381e-02
2.045050e-01 4.602544e-02
2.055300e-01 4.563173e-02
2.065610e-01 4.524350e-02
2.075960e-01 4.486143e-02
2.086370e-01 4.448608e-02
2.096830e-01 4.411800e-02
2.107340e-01 4.375756e-02
2.117900e-01 4.340522e-02
2.128510e-01 4.306134e-02
2.139180e-01 4.272602e-02
2.149910e-01 4.239968e-02
2.160680e-01 4.208240e-02
2.171510e-01 4.177436e-02
2.182400e-01 4.147559e-02
2.193340e-01 4.118605e-02
2.204330e-01 4.090563e-02
2.215380e-01 4.063404e-02
2.226480e-01 4.037100e-02
2.237650e-01 4.011596e-02
2.248860e-01 3.986820e-02
2.260130e-01 3.962716e-02
2.271460e-01 3.939196e-02
2.282850e-01 3.916178e-02
2.294290e-01 3.893576e-02
2.305790e-01 3.871296e-02
2.317350e-01 3.849263e-02
2.328970e-01 3.827378e-02
2.340640e-01 3.805575e-02
2.352370e-01 3.783773e-02
2.364160e-01 3.761898e-02
2.376010e-01 3.739891e-02
2.387920e-01 3.717693e-02
2.399890e-01 3.695250e-02
2.411920e-01 3.672519e-02
2.424010e-01 3.649456e-02
2.436160e-01 3.626033e-02
2.448370e-01 3.602221e-02
2.460650e-01 3.578009e-02
2.472980e-01 3.553392e-02
2.485380e-01 3.528364e-02
2.497840e-01 3.502932e-02
2.510360e-01 3.477121e-02
2.522940e-01 3.450950e-02
2.535580e-01 3.424452e-02
2.548290e-01 3.397672e-02
2.561070e-01 3.370666e-02
2.573910e-01 3.343485e-02
2.586810e-01 3.316203e-02
2.599770e-01 3.288879e-02
2.612810e-01 3.261591e-02
2.625900e-01 3.234405e-02
2.639060e-01 3.207379e-02
2.652290e-01 3.180578e-02
2.665590e-01 3.154069e-02
2.678950e-01 3.127899e-02
2.692380e-01 3.102128e-02
2.705870e-01 3.076799e-02
2.719440e-01 3.051961e-02
2.733070e-01 3.027662e-02
2.746770e-01 3.003911e-02
2.760530e-01 2.980745e-02
2.774370e-01 2.958163e-02
2.788280e-01 2.936171e-02
2.802260e-01 2.914753e-02
2.816300e-01 2.893893e-02
2.830420e-01 2.873567e-02
2.844610e-01 2.853738e-02
2.858860e-01 2.834376e-02
2.873190e-01 2.815439e-02
2.887600e-01 2.796876e-02
2.902070e-01 2.778641e-02
2.916620e-01 2.760673e-02
2.931240e-01 2.742920e-02
2.945930e-01 2.725316e-02
2.960700e-01 2.707799e-02
2.975540e-01 2.690313e-02
2.990450e-01 2.672791e-02
3.005440e-01 2.655197e-02
3.020510e-01 2.637485e-02
3.035650e-01 2.619625e-02
3.050860e-01 2.601590e-02
3.066160e-01 2.583361e-02
3.081530e-01 2.564936e-02
3.096970e-01 2.546317e-02
3.112490e-01 2.527513e-02
3.128090e-01 2.508541e-02
3.143770e-01 2.489429e-02
3.159530e-01 2.470195e-02
3.175370e-01 2.450879e-02
3.191290e-01 2.431506e-02
3.207280e-01 2.412108e-02
3.223360e-01 2.392725e-02
3.239520e-01 2.373403e-02
3.255760e-01 2.354174e-02
3.272070e-01 2.335099e-02
3.288480e-01 2.316218e-02
3.304960e-01 2.297578e-02
3.321530e-01 2.279210e-02
3.338180e-01 2.261145e-02
3.354910e-01 2.243402e-02
3.371720e-01 2.225998e-02
3.388620e-01 2.208932e-02
3.405610e-01 2.192210e-02
3.422680e-01 2.175826e-02
3.439840e-01 2.159770e-02
3.457080e-01 2.144027e-02
3.474410e-01 2.128581e-02
3.491830e-01 2.113391e-02
3.509330e-01 2.098432e-02
3.526920e-01 2.083673e-02
3.544600e-01 2.069078e-02
3.562360e-01 2.054612e-02
3.580220e-01 2.040242e-02
3.598170e-01 2.025935e-02
3.616200e-01 2.011657e-02
3.634330e-01 1.997370e-02
3.652550e-01 1.983057e-02
3.670850e-01 1.968698e-02
3.689250e-01 1.954277e-02
3.707750e-01 1.939800e-02
3.726330e-01 1.925267e-02
3.745010e-01 1.910677e-02
3.763780e-01 1.896047e-02
3.782650e-01 1.881385e-02
3.801610e-01 1.866718e-02
3.820660e-01 1.852067e-02
3.839810e-01 1.837462e-02
3.859060e-01 1.822923e-02
3.878410e-01 1.808482e-02
3.897850e-01 1.794149e-02
3.917390e-01 1.779954e-02
3.937020e-01 1.765912e-02
3.956760e-01 1.752040e-02
3.976590e-01 1.738358e-02
3.996520e-01 1.724875e-02
4.016550e-01 1.711598e-02
4.036690e-01 1.698521e-02
4.056920e-01 1.685643e-02
4.077260e-01 1.672950e-02
4.097690e-01 1.660436e-02
4.118240e-01 1.648087e-02
4.138880e-01 1.635881e-02
4.159620e-01 1.623808e-02
4.180470e-01 1.611838e-02
4.201430e-01 1.599950e-02
4.222490e-01 1.588133e-02
4.243650e-01 1.576368e-02
4.264930e-01 1.564639e-02
4.286300e-01 1.552941e-02
4.307790e-01 1.541252e-02
4.329380e-01 1.529569e-02
4.351080e-01 1.517896e-02
4.372890e-01 1.506234e-02
4.394810e-01 1.494592e-02
4.416840e-01 1.482980e-02
4.438980e-01 1.471410e-02
4.461230e-01 1.459896e-02
4.483590e-01 1.448438e-02
4.506060e-01 1.437063e-02
4.528650e-01 1.425769e-02
4.551350e-01 1.414579e-02
4.574170e-01 1.403495e-02
4.597090e-01 1.392525e-02
4.620140e-01 1.381677e-02
4.643300e-01 1.370953e-02
4.666570e-01 1.360356e-02
4.689960e-01 1.349883e-02
4.713470e-01 1.339533e-02
4.737100e-01 1.329285e-02
4.760840e-01 1.319140e-02
4.784710e-01 1.309087e-02
4.808690e-01 1.299121e-02
4.832790e-01 1.289232e-02
4.857020e-01 1.279400e-02
4.881360e-01 1.269624e-02
4.905830e-01 1.259899e-02
4.930420e-01 1.250215e-02
4.955130e-01 1.240578e-02
4.979970e-01 1.230976e-02
5.004930e-01 1.221415e-02
5.030020e-01 1.211890e-02
5.055240e-01 1.202417e-02
5.080580e-01 1.192989e-02
5.106040e-01 1.183628e-02
5.131630e-01 1.174329e-02
5.157360e-01 1.165096e-02
5.183210e-01 1.155940e-02
5.209190e-01 1.146867e-02
5.235300e-01 1.137880e-02
5.261540e-01 1.128976e-02
5.287920e-01 1.120153e-02
5.314430e-01 1.111412e-02
5.341060e-01 1.102754e-02
5.367830e-01 1.094177e-02
5.394740e-01 1.085673e-02
5.421780e-01 1.077240e-02
5.448960e-01 1.068873e-02
5.476270e-01 1.060563e-02
5.503720e-01 1.052315e-02
5.531310e-01 1.044118e-02
5.559030e-01 1.035972e-02
5.586900e-01 1.027872e-02
5.614900e-01 1.019819e-02
5.643050e-01 1.011811e-02
5.671330e-01 1.003855e-02
5.699760e-01 9.959501e-03
5.728330e-01 9.880965e-03
5.757050e-01 9.802992e-03
5.785900e-01 9.725685e-03
5.814900e-01 9.648892e-03
5.844050e-01 9.572713e-03
5.873340e-01 9.497201e-03
5.902790e-01 9.422304e-03
5.932370e-01 9.348073e-03
5.962110e-01 9.274458e-03
5.992000e-01 9.201407e-03
6.022030e-01 9.128970e-03
6.052210e-01 9.057149e-03
6.082550e-01 8.985841e-03
6.113040e-01 8.915045e-03
6.143680e-01 8.844762e-03
6.174480e-01 8.775043e-03
6.205430e-01 8.705785e-03
6.236530e-01 8.636937e-03
6.267800e-01 8.568602e-03
6.299210e-01 8.500779e-03
6.330780e-01 8.433418e-03
6.362520e-01 8.366467e-03
6.394410e-01 8.300029e-03
6.426460e-01 8.234103e-03
6.458680e-01 8.168690e-03
6.491050e-01 8.103841e-03
6.523590e-01 8.039453e-03
6.556280e-01 7.975629e-03
6.589150e-01 7.912266e-03
6.622180e-01 7.849417e-03
6.655370e-01 7.787028e-03
6.688730e-01 7.725152e-03
6.722260e-01 7.663738e-03
6.755960e-01 7.602836e-03
6.789820e-01 7.542344e-03
6.823860e-01 7.482314e-03
6.858060e-01 7.422745e-03
6.892430e-01 7.363586e-03
6.926980e-01 7.304837e-03
6.961700e-01 7.246499e-03
6.996600e-01 7.188673e-03
7.031670e-01 7.131206e-03
7.066920e-01 7.074251e-03
7.102340e-01 7.017655e-03
7.137940e-01 6.961572e-03
7.173720e-01 6.905899e-03
7.209680e-01 6.850637e-03
7.245820e-01 6.795835e-03
7.282140e-01 6.741495e-03
7.318640e-01 6.687514e-03
7.355330e-01 6.633943e-03
7.392190e-01 6.580782e-03
7.429240e-01 6.528031e-03
7.466480e-01 6.475691e-03
7.503910e-01 6.423760e-03
7.541520e-01 6.372188e-03
7.579330e-01 6.321027e-03
7.617320e-01 6.270275e-03
7.655500e-01 6.219831e-03
7.693880e-01 6.169848e-03
7.732440e-01 6.120225e-03
7.771200e-01 6.070960e-03
7.810150e-01 6.022105e-03
7.849300e-01 5.973660e-03
7.888640e-01 5.925523e-03
7.928190e-01 5.877796e-03
7.967930e-01 5.830428e-03
8.007870e-01 5.783470e-03
8.048010e-01 5.736820e-03
8.088340e-01 5.690580e-03
8.128890e-01 5.644647e-03
8.169630e-01 5.599073e-03
8.210590e-01 5.553858e-03
8.251740e-01 5.509002e-03
8.293110e-01 5.464453e-03
8.334680e-01 5.420315e-03
8.376450e-01 5.376484e-03
8.418430e-01 5.332961e-03
8.460630e-01 5.289796e-03
8.503040e-01 5.246991e-03
8.545670e-01 5.204493e-03
8.588500e-01 5.162354e-03
8.631550e-01 5.120537e-03
8.674820e-01 5.079034e-03
8.718300e-01 5.037843e-03
8.762010e-01 4.996986e-03
8.805920e-01 4.956461e-03
8.850060e-01 4.916239e-03
8.894420e-01 4.876330e-03
8.939010e-01 4.836734e-03
8.983810e-01 4.797435e-03
9.028850e-01 4.758443e-03
9.074100e-01 4.719764e-03
9.119590e-01 4.681383e-03
9.165290e-01 4.643314e-03
9.211240e-01 4.605532e-03
9.257410e-01 4.568028e-03
9.303810e-01 4.530830e-03
9.350450e-01 4.493930e-03
9.397320e-01 4.457317e-03
9.444430e-01 4.420997e-03
9.491770e-01 4.384958e-03
9.539340e-01 4.349196e-03
9.587150e-01 4.313716e-03
9.635210e-01 4.278513e-03
9.683510e-01 4.243582e-03
9.732050e-01 4.208922e-03
9.780830e-01 4.174539e-03
9.829860e-01 4.140423e-03
9.879130e-01 4.106588e-03
9.928650e-01 4.073005e-03
9.978410e-01 4.039689e-03
1.002840e+00 4.006628e-03
1.007870e+00 3.973830e-03
1.012920e+00 3.941297e-03
1.018000e+00 3.909021e-03
1.023100e+00 3.876986e-03
1.028230e+00 3.845213e-03
1.033380e+00 3.813691e-03
1.038560e+00 3.782425e-03
1.043770e+00 3.751405e-03
1.049000e+00 3.720615e-03
1.054260e+00 3.690072e-03
1.059540e+00 3.659770e-03
1.064860e+00 3.629709e-03
1.070190e+00 3.599893e-03
1.075560e+00 3.570304e-03
1.080950e+00 3.540960e-03
1.086370e+00 3.511842e-03
1.091810e+00 3.482955e-03
1.097290e+00 3.454298e-03
1.102790e+00 3.425862e-03
1.108310e+00 3.397661e-03
1.113870e+00 3.369686e-03
1.119450e+00 3.341932e-03
1.125060e+00 3.314393e-03
1.130700e+00 3.287074e-03
1.136370e+00 3.259976e-03
1.142070e+00 3.233088e-03
1.147790e+00 3.206420e-03
1.153540e+00 3.179958e-03
1.159330e+00 3.153705e-03
1.165140e+00 3.127668e-03
1.170980e+00 3.101841e-03
1.176850e+00 3.076225e-03
1.182750e+00 3.050803e-03
1.188670e+00 3.025581e-03
1.194630e+00 3.000564e-03
1.200620e+00 2.975747e-03
1.206640e+00 2.951130e-03
1.212690e+00 2.926702e-03
1.218770e+00 2.902480e-03
1.224880e+00 2.878448e-03
1.231010e+00 2.854605e-03
1.237190e+00 2.830951e-03
1.243390e+00 2.807493e-03
1.249620e+00 2.784224e-03
1.255880e+00 2.761140e-03
1.262180e+00 2.738235e-03
1.268510e+00 2.715520e-03
1.274860e+00 2.692989e-03
1.281250e+00 2.670633e-03
1.287680e+00 2.648456e-03
1.294130e+00 2.626458e-03
1.300620e+00 2.604640e-03
1.307140e+00 2.582997e-03
1.313690e+00 2.561527e-03
1.320270e+00 2.540227e-03
1.326890e+00 2.519101e-03
1.333540e+00 2.498149e-03
1.340230e+00 2.477362e-03
1.346950e+00 2.456743e-03
1.353700e+00 2.436294e-03
1.360480e+00 2.415999e-03
1.367300e+00 2.395872e-03
1.374160e+00 2.375910e-03
1.381040e+00 2.356107e-03
1.387970e+00 2.336467e-03
1.394920e+00 2.316982e-03
1.401910e+00 2.297660e-03
1.408940e+00 2.278488e-03
1.416000e+00 2.259468e-03
1.423100e+00 2.240603e-03
1.430240e+00 2.221892e-03
1.437410e+00 2.203334e-03
1.444610e+00 2.184925e-03
1.451850e+00 2.166670e-03
1.459130e+00 2.148553e-03
1.466440e+00 2.130590e-03
1.473790e+00 2.112771e-03
1.481180e+00 2.095095e-03
1.488610e+00 2.077563e-03
1.496070e+00 2.060169e-03
1.503570e+00 2.042923e-03
1.511100e+00 2.025817e-03
1.518680e+00 2.008843e-03
1.526290e+00 1.992013e-03
1.533940e+00 1.975321e-03
1.541630e+00 1.958763e-03
1.549360e+00 1.942338e-03
1.557120e+00 1.926051e-03
1.564930e+00 1.909893e-03
1.572770e+00 1.893873e-03
1.580650e+00 1.877976e-03
1.588580e+00 1.862207e-03
1.596540e+00 1.846571e-03
1.604540e+00 1.831064e-03
1.612590e+00 1.815680e-03
1.620670e+00 1.800423e-03
1.628790e+00 1.785290e-03
1.636960e+00 1.770280e-03
1.645160e+00 1.755398e-03
1.653410e+00 1.740629e-03
1.661700e+00 1.725988e-03
1.670030e+00 1.711465e-03
1.678400e+00 1.697054e-03
1.686810e+00 1.682767e-03
1.695270e+00 1.668598e-03
1.703760e+00 1.654541e-03
1.712300e+00 1.640602e-03
1.720890e+00 1.626776e-03
1.729510e+00 1.613063e-03
1.738180e+00 1.599463e-03
1.746890e+00 1.585975e-03
1.755650e+00 1.572595e-03
1.764450e+00 1.559328e-03
1.773300e+00 1.546169e-03
1.782180e+00 1.533117e-03
1.791120e+00 1.520178e-03
1.800090e+00 1.507336e-03
1.809120e+00 1.494602e-03
1.818190e+00 1.481976e-03
1.827300e+00 1.469447e-03
1.836460e+00 1.457030e-03
1.845660e+00 1.444712e-03
1.854920e+00 1.432490e-03
1.864210e+00 1.420376e-03
1.873560e+00 1.408355e-03
1.882950e+00 1.396436e-03
1.892390e+00 1.384615e-03
1.901870e+00 1.372890e-03
1.911410e+00 1.361264e-03
1.920990e+00 1.349729e-03
1.930620e+00 1.338292e-03
1.940290e+00 1.326953e-03
1.950020e+00 1.315705e-03
1.959790e+00 1.304550e-03
1.969620e+00 1.293487e-03
1.979490e+00 1.282512e-03
1.989410e+00 1.271633e-03
1.999380e+00 1.260842e-03
2.009410e+00 1.250138e-03
2.019480e+00 1.239527e-03
2.029600e+00 1.229002e-03
2.039770e+00 1.218560e-03
2.050000e+00 1.208209e-03
2.060270e+00 1.197946e-03
2.070600e+00 1.187765e-03
2.080980e+00 1.177666e-03
2.091410e+00 1.167654e-03
2.101900e+00 1.157719e-03
2.112430e+00 1.147877e-03
2.123020e+00 1.138111e-03
2.133660e+00 1.128422e-03
2.144360e+00 1.118820e-03
2.155100e+00 1.109295e-03
2.165910e+00 1.099847e-03
2.176760e+00 1.090481e-03
2.187680e+00 1.081192e-03
2.198640e+00 1.071980e-03
2.209660e+00 1.062845e-03
2.220740e+00 1.053786e-03
2.231870e+00 1.044800e-03
2.243060e+00 1.035890e-03
2.254300e+00 1.027057e-03
2.265600e+00 1.018291e-03
2.276960e+00 1.009602e-03
2.288370e+00 1.000989e-03
2.299840e+00 9.924437e-04
2.311370e+00 9.839697e-04
2.322950e+00 9.755675e-04
2.334600e+00 9.672319e-04
2.346300e+00 9.589682e-04
2.358060e+00 9.507710e-04
2.369880e+00 9.426456e-04
2.381760e+00 9.345869e-04
2.393700e+00 9.265948e-04
2.405700e+00 9.186694e-04
2.417750e+00 9.108106e-04
2.429870e+00 9.030184e-04
2.442050e+00 8.952929e-04
2.454290e+00 8.876289e-04
2.466600e+00 8.800265e-04
2.478960e+00 8.724906e-04
2.491390e+00 8.650163e-04
2.503870e+00 8.576086e-04
2.516420e+00 8.502625e-04
2.529040e+00 8.429727e-04
2.541720e+00 8.357445e-04
2.554460e+00 8.285829e-04
2.567260e+00 8.214776e-04
2.580130e+00 8.144288e-04
2.593060e+00 8.074466e-04
2.606060e+00 8.005157e-04
2.619120e+00 7.936463e-04
2.632250e+00 7.868333e-04
2.645440e+00 7.800818e-04
2.658710e+00 7.733816e-04
2.672030e+00 7.667378e-04
2.685430e+00 7.601503e-04
2.698890e+00 7.536244e-04
2.712410e+00 7.471446e-04
2.726010e+00 7.407263e-04
2.739670e+00 7.343593e-04
2.753410e+00 7.280436e-04
2.767210e+00 7.217842e-04
2.781080e+00 7.155761e-04
2.795020e+00 7.094193e-04
2.809030e+00 7.033137e-04
2.823110e+00 6.972645e-04
2.837260e+00 6.912615e-04
2.851480e+00 6.853097e-04
2.865780e+00 6.794092e-04
2.880140e+00 6.735600e-04
2.894580e+00 6.677569e-04
2.909090e+00 6.619999e-04
2.923670e+00 6.562942e-04
2.938320e+00 6.506398e-04
2.953050e+00 6.450315e-04
2.967850e+00 6.394693e-04
2.982730e+00 6.339533e-04
2.997680e+00 6.284885e-04
3.012710e+00 6.230648e-04
3.027810e+00 6.176872e-04
3.042990e+00 6.123557e-04
3.058240e+00 6.070704e-04
3.073570e+00 6.018312e-04
3.088970e+00 5.966330e-04
3.104460e+00 5.914809e-04
3.120020e+00 5.863699e-04
3.135660e+00 5.813050e-04
3.151380e+00 5.762811e-04
3.167170e+00 5.712982e-04
3.183050e+00 5.663615e-04
3.199000e+00 5.614657e-04
3.215040e+00 5.566110e-04
3.231150e+00 5.517922e-04
3.247350e+00 5.470195e-04
3.263630e+00 5.422878e-04
3.279990e+00 5.375971e-04
3.296430e+00 5.329424e-04
3.312950e+00 5.283286e-04
3.329560e+00 5.237558e-04
3.346250e+00 5.192189e-04
3.363020e+00 5.147231e-04
3.379880e+00 5.102646e-04
3.396820e+00 5.058436e-04
3.413850e+00 5.014605e-04
3.430960e+00 4.971143e-04
3.448160e+00 4.928051e-04
3.465440e+00 4.885327e-04
3.482810e+00 4.842973e-04
3.500270e+00 4.800972e-04
3.517810e+00 4.759325e-04
3.535450e+00 4.718032e-04
3.553170e+00 4.677092e-04
3.570980e+00 4.636496e-04
3.588880e+00 4.596248e-04
3.606870e+00 4.556344e-04
3.624940e+00 4.516784e-04
3.643110e+00 4.477557e-04
3.661380e+00 4.438657e-04
3.679730e+00 4.400096e-04
3.698170e+00 4.361858e-04
3.716710e+00 4.323949e-04
3.735340e+00 4.286362e-04
3.754070e+00 4.249098e-04
3.772880e+00 4.212157e-04
3.791790e+00 4.175523e-04
3.810800e+00 4.139203e-04
3.829900e+00 4.103190e-04
3.849100e+00 4.067489e-04
3.868390e+00 4.032091e-04
3.887780e+00 3.996996e-04
3.907270e+00 3.962203e-04
3.926860e+00 3.927702e-04
3.946540e+00 3.893509e-04
3.966320e+00 3.859598e-04
3.986200e+00 3.825979e-04
4.006180e+00 3.792647e-04
4.026270e+00 3.759597e-04
4.046450e+00 3.726839e-04
4.066730e+00 3.694353e-04
4.087120e+00 3.662149e-04
4.107600e+00 3.630221e-04
4.128190e+00 3.598566e-04
4.148880e+00 3.567182e-04
4.169680e+00 3.536064e-04
4.190580e+00 3.505214e-04
4.211590e+00 3.474629e-04
4.232700e+00 3.444307e-04
4.253910e+00 3.414240e-04
4.275230e+00 3.384440e-04
4.296660e+00 3.354887e-04
4.318200e+00 3.325589e-04
4.339850e+00 3.296538e-04
4.361600e+00 3.267743e-04
4.383460e+00 3.239188e-04
4.405440e+00 3.210885e-04
4.427520e+00 3.182818e-04
4.449710e+00 3.154997e-04
4.472010e+00 3.127417e-04
4.494430e+00 3.100073e-04
4.516960e+00 3.072959e-04
4.539600e+00 3.046081e-04
4.562360e+00 3.019429e-04
4.585230e+00 2.993013e-04
4.608210e+00 2.966822e-04
4.631310e+00 2.940857e-04
4.654520e+00 2.915122e-04
4.677850e+00 2.889597e-04
4.701300e+00 2.864299e-04
4.724870e+00 2.839215e-04
4.748550e+00 2.814347e-04
4.772350e+00 2.789694e-04
4.796270e+00 2.765256e-04
4.820320e+00 2.741029e-04
4.844470e+00 2.717012e-04
4.868760e+00 2.693199e-04
4.893160e+00 2.669592e-04
4.917690e+00 2.646185e-04
4.942340e+00 2.622983e-04
4.967120e+00 2.599975e-04
4.992010e+00 2.577173e-04
5.017040e+00 2.554566e-04
5.042190e+00 2.532153e-04
5.067460e+00 2.509935e-04
5.092860e+00 2.487907e-04
5.118390e+00 2.466068e-04
5.144040e+00 2.444414e-04
5.169830e+00 2.422950e-04
5.195740e+00 2.401675e-04
5.221790e+00 2.380575e-04
5.247960e+00 2.359664e-04
5.274260e+00 2.338938e-04
5.300700e+00 2.318386e-04
5.327270e+00 2.298009e-04
5.353970e+00 2.277811e-04
5.380810e+00 2.257787e-04
5.407780e+00 2.237938e-04
5.434890e+00 2.218257e-04
5.462130e+00 2.198751e-04
5.489510e+00 2.179414e-04
5.517030e+00 2.160242e-04
5.544680e+00 2.141238e-04
5.572470e+00 2.122398e-04
5.600410e+00 2.103718e-04
5.628480e+00 2.085201e-04
5.656690e+00 2.066848e-04
5.685050e+00 2.048650e-04
5.713550e+00 2.030615e-04
5.742180e+00 2.012734e-04
5.770960e+00 1.995007e-04
5.799890e+00 1.977434e-04
5.828960e+00 1.960014e-04
5.858180e+00 1.942743e-04
5.887550e+00 1.925621e-04
5.917060e+00 1.908647e-04
5.946720e+00 1.891822e-04
5.976520e+00 1.875146e-04
6.006480e+00 1.858613e-04
6.036590e+00 1.842219e-04
6.066850e+00 1.825974e-04
6.097260e+00 1.809866e-04
6.127820e+00 1.793898e-04
6.158540e+00 1.778067e-04
6.189410e+00 1.762375e-04
6.220430e+00 1.746822e-04
6.251610e+00 1.731401e-04
6.282950e+00 1.716120e-04
6.314440e+00 1.700966e-04
6.346090e+00 1.685945e-04
6.377900e+00 1.671053e-04
6.409870e+00 1.656294e-04
6.442000e+00 1.641663e-04
6.474300e+00 1.627161e-04
6.506740e+00 1.612786e-04
6.539360e+00 1.598530e-04
6.572140e+00 1.584401e-04
6.605080e+00 1.570396e-04
6.638190e+00 1.556514e-04
6.671470e+00 1.542749e-04
6.704910e+00 1.529108e-04
6.738520e+00 1.515584e-04
6.772290e+00 1.502179e-04
6.806230e+00 1.488891e-04
6.840350e+00 1.475716e-04
6.874640e+00 1.462659e-04
6.909100e+00 1.449715e-04
6.943730e+00 1.436878e-04
6.978540e+00 1.424160e-04
7.013520e+00 1.411549e-04
7.048670e+00 1.399051e-04
7.084000e+00 1.386660e-04
7.119510e+00 1.374377e-04
7.155200e+00 1.362207e-04
7.191060e+00 1.350134e-04
7.227110e+00 1.338174e-04
7.263340e+00 1.326317e-04
7.299750e+00 1.314562e-04
7.336340e+00 1.302910e-04
7.373110e+00 1.291360e-04
7.410060e+00 1.279913e-04
7.447210e+00 1.268563e-04
7.484540e+00 1.257315e-04
7.522050e+00 1.246160e-04
7.559760e+00 1.235108e-04
7.597650e+00 1.224153e-04
7.635740e+00 1.213290e-04
7.674010e+00 1.202524e-04
7.712470e+00 1.191856e-04
7.751130e+00 1.181275e-04
7.789990e+00 1.170787e-04
7.829040e+00 1.160395e-04
7.868280e+00 1.150091e-04
7.907720e+00 1.139879e-04
7.947360e+00 1.129755e-04
7.987190e+00 1.119722e-04
8.027230e+00 1.109772e-04
8.067460e+00 1.099914e-04
8.107900e+00 1.090138e-04
8.148540e+00 1.080449e-04
8.189390e+00 1.070847e-04
8.230440e+00 1.061327e-04
8.271700e+00 1.051895e-04
8.313160e+00 1.042539e-04
8.354820e+00 1.033270e-04
8.396700e+00 1.024084e-04
8.438790e+00 1.014974e-04
8.481090e+00 1.005947e-04
8.523600e+00 9.969959e-05
8.566330e+00 9.881272e-05
8.609270e+00 9.793354e-05
8.652430e+00 9.706205e-05
8.695790e+00 9.619825e-05
8.739380e+00 9.534214e-05
8.783190e+00 9.449320e-05
8.827210e+00 9.365196e-05
8.871460e+00 9.281789e-05
8.915930e+00 9.199100e-05
8.960620e+00 9.117180e-05
9.005540e+00 9.035977e-05
9.050670e+00 8.955492e-05
9.096040e+00 8.875674e-05
9.141630e+00 8.796574e-05
9.187460e+00 8.718191e-05
9.233510e+00 8.640474e-05
9.279790e+00 8.563475e-05
9.326310e+00 8.487143e-05
9.373060e+00 8.411426e-05
9.420040e+00 8.336426e-05
9.467250e+00 8.262093e-05
9.514710e+00 8.188427e-05
9.562400e+00 8.115375e-05
9.610340e+00 8.042990e-05
9.658510e+00 7.971220e-05
9.706920e+00 7.900117e-05
9.755580e+00 7.829629e-05
9.804480e+00 7.759704e-05
9.853620e+00 7.690498e-05
9.903010e+00 7.621804e-05
9.952650e+00 7.553776e-05
1.000250e+01 7.486312e-05
