9.733430e-06 1.000000e+00
9.782220e-06 1.000000e+00
9.831250e-06 1.000000e+00
9.880530e-06 1.000000e+00
9.930060e-06 1.000000e+00
9.979830e-06 1.000000e+00
1.002990e-05 1.000000e+00
1.008010e-05 1.000000e+00
1.013070e-05 1.000000e+00
1.018140e-05 1.000000e+00
1.023250e-05 1.000000e+00
1.028380e-05 1.000000e+00
1.033530e-05 1.000000e+00
1.038710e-05 1.000000e+00
1.043920e-05 1.000000e+00
1.049150e-05 1.000000e+00
1.054410e-05 1.000000e+00
1.059690e-05 1.000000e+00
1.065010e-05 1.000000e+00
1.070350e-05 1.000000e+00
1.075710e-05 1.000000e+00
1.081100e-05 1.000000e+00
1.086520e-05 1.000000e+00
1.091970e-05 1.000000e+00
1.097440e-05 1.000000e+00
1.102940e-05 1.000000e+00
1.108470e-05 1.000000e+00
1.114030e-05 1.000000e+00
1.119610e-05 1.000000e+00
1.125220e-05 1.000000e+00
1.130860e-05 1.000000e+00
1.136530e-05 1.000000e+00
1.142230e-05 1.000000e+00
1.147950e-05 1.000000e+00
1.153710e-05 1.000000e+00
1.159490e-05 1.000000e+00
1.165300e-05 1.000000e+00
1.171140e-05 1.000000e+00
1.177010e-05 1.000000e+00
1.182910e-05 1.000000e+00
1.188840e-05 1.000000e+00
1.194800e-05 1.000000e+00
1.200790e-05 1.000000e+00
1.206810e-05 1.000000e+00
1.212860e-05 1.000000e+00
1.218940e-05 1.000000e+00
1.225050e-05 1.000000e+00
1.231190e-05 1.000000e+00
1.237360e-05 1.000000e+00
1.243560e-05 1.000000e+00
1.249800e-05 1.000000e+00
1.256060e-05 1.000000e+00
1.262360e-05 1.000000e+00
1.268690e-05 1.000000e+00
1.275040e-05 1.000000e+00
1.281440e-05 1.000000e+00
1.287860e-05 1.000000e+00
1.294310e-05 1.000000e+00
1.300800e-05 1.000000e+00
1.307320e-05 1.000000e+00
1.313880e-05 1.000000e+00
1.320460e-05 1.000000e+00
1.327080e-05 1.000000e+00
1.333730e-05 1.000000e+00
1.340420e-05 1.000000e+00
1.347140e-05 1.000000e+00
1.353890e-05 1.000000e+00
1.360680e-05 1.000000e+00
1.367500e-05 1.000000e+00
1.374350e-05 1.000000e+00
1.381240e-05 1.000000e+00
1.388160e-05 1.000000e+00
1.395120e-05 1.000000e+00
1.402110e-05 1.000000e+00
1.409140e-05 1.000000e+00
1.416210e-05 1.000000e+00
1.423300e-05 1.000000e+00
1.430440e-05 1.000000e+00
1.437610e-05 1.000000e+00
1.444810e-05 1.000000e+00
1.452060e-05 1.000000e+00
1.459340e-05 1.000000e+00
1.466650e-05 1.000000e+00
1.474000e-05 1.000000e+00
1.481390e-05 1.000000e+00
1.488820e-05 1.000000e+00
1.496280e-05 1.000000e+00
1.503780e-05 1.000000e+00
1.511320e-05 1.000000e+00
1.518890e-05 1.000000e+00
1.526510e-05 1.000000e+00
1.534160e-05 1.000000e+00
1.541850e-05 1.000000e+00
1.549580e-05 1.000000e+00
1.557340e-05 1.000000e+00
1.565150e-05 1.000000e+00
1.572990e-05 1.000000e+00
1.580880e-05 1.000000e+00
1.588800e-05 1.000000e+00
1.596770e-05 1.000000e+00
1.604770e-05 1.000000e+00
1.612810e-05 1.000000e+00
1.620900e-05 1.000000e+00
1.629020e-05 1.000000e+00
1.637190e-05 1.000000e+00
1.645400e-05 1.000000e+00
1.653640e-05 1.000000e+00
1.661930e-05 1.000000e+00
1.670260e-05 1.000000e+00
1.678640e-05 1.000000e+00
1.687050e-05 1.000000e+00
1.695510e-05 1.000000e+00
1.704000e-05 1.000000e+00
1.712550e-05 1.000000e+00
1.721130e-05 1.000000e+00
1.729760e-05 1.000000e+00
1.738430e-05 1.000000e+00
1.747140e-05 1.000000e+00
1.755900e-05 1.000000e+00
1.764700e-05 1.000000e+00
1.773550e-05 1.000000e+00
1.782440e-05 1.000000e+00
1.791370e-05 1.000000e+00
1.800350e-05 1.000000e+00
1.809370e-05 1.000000e+00
1.818440e-05 1.000000e+00
1.827560e-05 1.000000e+00
1.836720e-05 1.000000e+00
1.845930e-05 1.000000e+00
1.855180e-05 1.000000e+00
1.864480e-05 1.000000e+00
1.873820e-05 1.000000e+00
1.883220e-05 1.000000e+00
1.892660e-05 1.000000e+00
1.902140e-05 1.000000e+00
1.911680e-05 1.000000e+00
1.921260e-05 1.000000e+00
1.930890e-05 1.000000e+00
1.940570e-05 1.000000e+00
1.950300e-05 9.999951e-01
1.960070e-05 9.999951e-01
1.969900e-05 9.999951e-01
1.979770e-05 9.999951e-01
1.989690e-05 9.999951e-01
1.999670e-05 9.999951e-01
2.009690e-05 9.999951e-01
2.019760e-05 9.999951e-01
2.029890e-05 9.999951e-01
2.040060e-05 9.999951e-01
2.050290e-05 9.999951e-01
2.060570e-05 9.999951e-01
2.070900e-05 9.999951e-01
2.081280e-05 9.999951e-01
2.091710e-05 9.999951e-01
2.102190e-05 9.999951e-01
2.112730e-05 9.999951e-01
2.123320e-05 9.999951e-01
2.133960e-05 9.999951e-01
2.144660e-05 9.999951e-01
2.155410e-05 9.999951e-01
2.166210e-05 9.999951e-01
2.177070e-05 9.999951e-01
2.187990e-05 9.999951e-01
2.198950e-05 9.999951e-01
2.209970e-05 9.999951e-01
2.221050e-05 9.999951e-01
2.232190e-05 9.999951e-01
2.243370e-05 9.999951e-01
2.254620e-05 9.999951e-01
2.265920e-05 9.999951e-01
2.277280e-05 9.999951e-01
2.288690e-05 9.999951e-01
2.300170e-05 9.999951e-01
2.311700e-05 9.999951e-01
2.323280e-05 9.999951e-01
2.334930e-05 9.999951e-01
2.346630e-05 9.999951e-01
2.358390e-05 9.999951e-01
2.370220e-05 9.999951e-01
2.382100e-05 9.999951e-01
2.394040e-05 9.999951e-01
2.406040e-05 9.999951e-01
2.418100e-05 9.999951e-01
2.430220e-05 9.999951e-01
2.442400e-05 9.999951e-01
2.454640e-05 9.999951e-01
2.466950e-05 9.999951e-01
2.479310e-05 9.999951e-01
2.491740e-05 9.999951e-01
2.504230e-05 9.999951e-01
2.516780e-05 9.999951e-01
2.529400e-05 9.999951e-01
2.542080e-05 9.999951e-01
2.554820e-05 9.999951e-01
2.567620e-05 9.999951e-01
2.580490e-05 9.999951e-01
2.593430e-05 9.999951e-01
2.606430e-05 9.999951e-01
2.619490e-05 9.999901e-01
2.632620e-05 9.999901e-01
2.645820e-05 9.999901e-01
2.659080e-05 9.999901e-01
2.672410e-05 9.999901e-01
2.685810e-05 9.999901e-01
2.699270e-05 9.999901e-01
2.712800e-05 9.999901e-01
2.726400e-05 9.999901e-01
2.740060e-05 9.999901e-01
2.753800e-05 9.999901e-01
2.767600e-05 9.999901e-01
2.781470e-05 9.999901e-01
2.795420e-05 9.999901e-01
2.809430e-05 9.999901e-01
2.823510e-05 9.999901e-01
2.837660e-05 9.999901e-01
2.851890e-05 9.999901e-01
2.866180e-05 9.999901e-01
2.880550e-05 9.999901e-01
2.894990e-05 9.999901e-01
2.909500e-05 9.999901e-01
2.924080e-05 9.999901e-01
2.938740e-05 9.999901e-01
2.953470e-05 9.999901e-01
2.968280e-05 9.999901e-01
2.983150e-05 9.999901e-01
2.998110e-05 9.999901e-01
3.013140e-05 9.999901e-01
3.028240e-05 9.999901e-01
3.043420e-05 9.999901e-01
3.058670e-05 9.999901e-01
3.074000e-05 9.999901e-01
3.089410e-05 9.999901e-01
3.104900e-05 9.999901e-01
3.120460e-05 9.999901e-01
3.136100e-05 9.999901e-01
3.151820e-05 9.999901e-01
3.167620e-05 9.999901e-01
3.183500e-05 9.999852e-01
3.199460e-05 9.999852e-01
3.215490e-05 9.999852e-01
3.231610e-05 9.999852e-01
3.247810e-05 9.999852e-01
3.264090e-05 9.999852e-01
3.280450e-05 9.999852e-01
3.296900e-05 9.999852e-01
3.313420e-05 9.999852e-01
3.330030e-05 9.999852e-01
3.346720e-05 9.999852e-01
3.363500e-05 9.999852e-01
3.380360e-05 9.999852e-01
3.397300e-05 9.999852e-01
3.414330e-05 9.999852e-01
3.431440e-05 9.999852e-01
3.448640e-05 9.999852e-01
3.465930e-05 9.999852e-01
3.483300e-05 9.999852e-01
3.500760e-05 9.999852e-01
3.518310e-05 9.999852e-01
3.535950e-05 9.999852e-01
3.553670e-05 9.999852e-01
3.571480e-05 9.999852e-01
3.589390e-05 9.999852e-01
3.607380e-05 9.999852e-01
3.625460e-05 9.999802e-01
3.643630e-05 9.999802e-01
3.661900e-05 9.999802e-01
3.680250e-05 9.999802e-01
3.698700e-05 9.999802e-01
3.717240e-05 9.999802e-01
3.735870e-05 9.999802e-01
3.754600e-05 9.999802e-01
3.773420e-05 9.999802e-01
3.792330e-05 9.999802e-01
3.811340e-05 9.999802e-01
3.830440e-05 9.999802e-01
3.849650e-05 9.999802e-01
3.868940e-05 9.999802e-01
3.888340e-05 9.999802e-01
3.907830e-05 9.999802e-01
3.927410e-05 9.999802e-01
3.947100e-05 9.999802e-01
3.966880e-05 9.999802e-01
3.986770e-05 9.999802e-01
4.006750e-05 9.999802e-01
4.026840e-05 9.999802e-01
4.047020e-05 9.999753e-01
4.067310e-05 9.999753e-01
4.087690e-05 9.999753e-01
4.108180e-05 9.999753e-01
4.128780e-05 9.999753e-01
4.149470e-05 9.999753e-01
4.170270e-05 9.999753e-01
4.191170e-05 9.999753e-01
4.212180e-05 9.999753e-01
4.233300e-05 9.999753e-01
4.254520e-05 9.999753e-01
4.275840e-05 9.999753e-01
4.297270e-05 9.999753e-01
4.318810e-05 9.999753e-01
4.340460e-05 9.999753e-01
4.362220e-05 9.999753e-01
4.384090e-05 9.999753e-01
4.406060e-05 9.999704e-01
4.428150e-05 9.999704e-01
4.450340e-05 9.999704e-01
4.472650e-05 9.999704e-01
4.495070e-05 9.999704e-01
4.517600e-05 9.999704e-01
4.540250e-05 9.999704e-01
4.563000e-05 9.999704e-01
4.585880e-05 9.999704e-01
4.608860e-05 9.999704e-01
4.631960e-05 9.999704e-01
4.655180e-05 9.999704e-01
4.678520e-05 9.999704e-01
4.701970e-05 9.999704e-01
4.725540e-05 9.999704e-01
4.749220e-05 9.999704e-01
4.773030e-05 9.999654e-01
4.796950e-05 9.999654e-01
4.821000e-05 9.999654e-01
4.845160e-05 9.999654e-01
4.869450e-05 9.999654e-01
4.893860e-05 9.999654e-01
4.918390e-05 9.999654e-01
4.943040e-05 9.999654e-01
4.967820e-05 9.999654e-01
4.992720e-05 9.999654e-01
5.017750e-05 9.999654e-01
5.042900e-05 9.999654e-01
5.068180e-05 9.999605e-01
5.093580e-05 9.999605e-01
5.119110e-05 9.999605e-01
5.144770e-05 9.999605e-01
5.170560e-05 9.999605e-01
5.196480e-05 9.999605e-01
5.222530e-05 9.999605e-01
5.248700e-05 9.999605e-01
5.275010e-05 9.999605e-01
5.301450e-05 9.999605e-01
5.328030e-05 9.999605e-01
5.354730e-05 9.999605e-01
5.381580e-05 9.999556e-01
5.408550e-05 9.999556e-01
5.435660e-05 9.999556e-01
5.462910e-05 9.999556e-01
5.490290e-05 9.999556e-01
5.517810e-05 9.999556e-01
5.545470e-05 9.999556e-01
5.573260e-05 9.999556e-01
5.601200e-05 9.999556e-01
5.629280e-05 9.999556e-01
5.657490e-05 9.999506e-01
5.685850e-05 9.999506e-01
5.714350e-05 9.999506e-01
5.743000e-05 9.999506e-01
5.771780e-05 9.999506e-01
5.800710e-05 9.999506e-01
5.829790e-05 9.999506e-01
5.859010e-05 9.999506e-01
5.888380e-05 9.999506e-01
5.917900e-05 9.999506e-01
5.947560e-05 9.999457e-01
5.977370e-05 9.999457e-01
6.007330e-05 9.999457e-01
6.037450e-05 9.999457e-01
6.067710e-05 9.999457e-01
6.098120e-05 9.999457e-01
6.128690e-05 9.999457e-01
6.159410e-05 9.999457e-01
6.190280e-05 9.999407e-01
6.221310e-05 9.999407e-01
6.252500e-05 9.999407e-01
6.283840e-05 9.999407e-01
6.315340e-05 9.999407e-01
6.346990e-05 9.999407e-01
6.378810e-05 9.999407e-01
6.410780e-05 9.999407e-01
6.442910e-05 9.999358e-01
6.475210e-05 9.999358e-01
6.507670e-05 9.999358e-01
6.540290e-05 9.999358e-01
6.573070e-05 9.999358e-01
6.606020e-05 9.999358e-01
6.639130e-05 9.999358e-01
6.672410e-05 9.999309e-01
6.705850e-05 9.999309e-01
6.739470e-05 9.999309e-01
6.773250e-05 9.999309e-01
6.807200e-05 9.999309e-01
6.841320e-05 9.999309e-01
6.875610e-05 9.999309e-01
6.910080e-05 9.999259e-01
6.944720e-05 9.999259e-01
6.979530e-05 9.999259e-01
7.014510e-05 9.999259e-01
7.049670e-05 9.999259e-01
7.085010e-05 9.999259e-01
7.120520e-05 9.999259e-01
7.156210e-05 9.999210e-01
7.192080e-05 9.999210e-01
7.228130e-05 9.999210e-01
7.264370e-05 9.999210e-01
7.300780e-05 9.999210e-01
7.337370e-05 9.999210e-01
7.374150e-05 9.999161e-01
7.411120e-05 9.999161e-01
7.448260e-05 9.999161e-01
7.485600e-05 9.999161e-01
7.523120e-05 9.999161e-01
7.560830e-05 9.999111e-01
7.598730e-05 9.999111e-01
7.636820e-05 9.999111e-01
7.675100e-05 9.999111e-01
7.713570e-05 9.999111e-01
7.752230e-05 9.999111e-01
7.791090e-05 9.999062e-01
7.830140e-05 9.999062e-01
7.869390e-05 9.999062e-01
7.908840e-05 9.999062e-01
7.948480e-05 9.999062e-01
7.988320e-05 9.999012e-01
8.028370e-05 9.999012e-01
8.068610e-05 9.999012e-01
8.109050e-05 9.999012e-01
8.149700e-05 9.999012e-01
8.190550e-05 9.998963e-01
8.231610e-05 9.998963e-01
8.272870e-05 9.998963e-01
8.314330e-05 9.998963e-01
8.356010e-05 9.998914e-01
8.397900e-05 9.998914e-01
8.439990e-05 9.998914e-01
8.482300e-05 9.998914e-01
8.524810e-05 9.998914e-01
8.567540e-05 9.998864e-01
8.610490e-05 9.998864e-01
8.653650e-05 9.998864e-01
8.697020e-05 9.998864e-01
8.740620e-05 9.998815e-01
8.784430e-05 9.998815e-01
8.828460e-05 9.998815e-01
8.872720e-05 9.998815e-01
8.917190e-05 9.998765e-01
8.961890e-05 9.998765e-01
9.006810e-05 9.998765e-01
9.051960e-05 9.998765e-01
9.097330e-05 9.998716e-01
9.142930e-05 9.998716e-01
9.188760e-05 9.998716e-01
9.234820e-05 9.998716e-01
9.281110e-05 9.998667e-01
9.327630e-05 9.998667e-01
9.374390e-05 9.998667e-01
9.421380e-05 9.998617e-01
9.468600e-05 9.998617e-01
9.516060e-05 9.998617e-01
9.563760e-05 9.998617e-01
9.611700e-05 9.998568e-01
9.659880e-05 9.998568e-01
9.708300e-05 9.998568e-01
9.756960e-05 9.998519e-01
9.805870e-05 9.998519e-01
9.855020e-05 9.998519e-01
9.904420e-05 9.998519e-01
9.954060e-05 9.998469e-01
1.000400e-04 9.998469e-01
1.005410e-04 9.998469e-01
1.010450e-04 9.998420e-01
1.015520e-04 9.998420e-01
1.020610e-04 9.998420e-01
1.025720e-04 9.998370e-01
1.030860e-04 9.998370e-01
1.036030e-04 9.998370e-01
1.041220e-04 9.998321e-01
1.046440e-04 9.998321e-01
1.051690e-04 9.998321e-01
1.056960e-04 9.998272e-01
1.062260e-04 9.998272e-01
1.067580e-04 9.998222e-01
1.072930e-04 9.998222e-01
1.078310e-04 9.998222e-01
1.083720e-04 9.998173e-01
1.089150e-04 9.998173e-01
1.094610e-04 9.998173e-01
1.100090e-04 9.998124e-01
1.105610e-04 9.998124e-01
1.111150e-04 9.998074e-01
1.116720e-04 9.998074e-01
1.122320e-04 9.998074e-01
1.127940e-04 9.998025e-01
1.133600e-04 9.998025e-01
1.139280e-04 9.997975e-01
1.144990e-04 9.997975e-01
1.150730e-04 9.997975e-01
1.156500e-04 9.997926e-01
1.162290e-04 9.997926e-01
1.168120e-04 9.997877e-01
1.173980e-04 9.997877e-01
1.179860e-04 9.997827e-01
1.185770e-04 9.997827e-01
1.191720e-04 9.997827e-01
1.197690e-04 9.997778e-01
1.203690e-04 9.997778e-01
1.209730e-04 9.997728e-01
1.215790e-04 9.997728e-01
1.221890e-04 9.997679e-01
1.228010e-04 9.997679e-01
1.234170e-04 9.997630e-01
1.240350e-04 9.997630e-01
1.246570e-04 9.997580e-01
1.252820e-04 9.997580e-01
1.259100e-04 9.997531e-01
1.265410e-04 9.997531e-01
1.271750e-04 9.997482e-01
1.278130e-04 9.997482e-01
1.284530e-04 9.997432e-01
1.290970e-04 9.997432e-01
1.297440e-04 9.997383e-01
1.303950e-04 9.997383e-01
1.310480e-04 9.997333e-01
1.317050e-04 9.997333e-01
1.323650e-04 9.997284e-01
1.330290e-04 9.997284e-01
1.336960e-04 9.997235e-01
1.343660e-04 9.997185e-01
1.350390e-04 9.997185e-01
1.357160e-04 9.997136e-01
1.363960e-04 9.997136e-01
1.370800e-04 9.997087e-01
1.377670e-04 9.997087e-01
1.384580e-04 9.997037e-01
1.391520e-04 9.996988e-01
1.398490e-04 9.996988e-01
1.405500e-04 9.996938e-01
1.412550e-04 9.996889e-01
1.419630e-04 9.996889e-01
1.426750e-04 9.996840e-01
1.433900e-04 9.996840e-01
1.441080e-04 9.996790e-01
1.448310e-04 9.996741e-01
1.455570e-04 9.996741e-01
1.462860e-04 9.996691e-01
1.470200e-04 9.996642e-01
1.477570e-04 9.996642e-01
1.484970e-04 9.996593e-01
1.492420e-04 9.996543e-01
1.499900e-04 9.996494e-01
1.507410e-04 9.996494e-01
1.514970e-04 9.996445e-01
1.522560e-04 9.996395e-01
1.530200e-04 9.996395e-01
1.537870e-04 9.996346e-01
1.545570e-04 9.996296e-01
1.553320e-04 9.996247e-01
1.561110e-04 9.996247e-01
1.568930e-04 9.996198e-01
1.576800e-04 9.996148e-01
1.584700e-04 9.996099e-01
1.592640e-04 9.996050e-01
1.600630e-04 9.996050e-01
1.608650e-04 9.996000e-01
1.616710e-04 9.995951e-01
1.624820e-04 9.995901e-01
1.632960e-04 9.995852e-01
1.641150e-04 9.995852e-01
1.649370e-04 9.995803e-01
1.657640e-04 9.995753e-01
1.665950e-04 9.995704e-01
1.674300e-04 9.995654e-01
1.682690e-04 9.995605e-01
1.691130e-04 9.995556e-01
1.699610e-04 9.995506e-01
1.708120e-04 9.995506e-01
1.716690e-04 9.995457e-01
1.725290e-04 9.995408e-01
1.733940e-04 9.995358e-01
1.742630e-04 9.995309e-01
1.751370e-04 9.995259e-01
1.760140e-04 9.995210e-01
1.768970e-04 9.995161e-01
1.777830e-04 9.995111e-01
1.786750e-04 9.995062e-01
1.795700e-04 9.995013e-01
1.804700e-04 9.994963e-01
1.813750e-04 9.994914e-01
1.822840e-04 9.994864e-01
1.831980e-04 9.994815e-01
1.841160e-04 9.994766e-01
1.850390e-04 9.994716e-01
1.859660e-04 9.994667e-01
1.868990e-04 9.994617e-01
1.878350e-04 9.994519e-01
1.887770e-04 9.994469e-01
1.897230e-04 9.994420e-01
1.906740e-04 9.994371e-01
1.916300e-04 9.994321e-01
1.925900e-04 9.994272e-01
1.935560e-04 9.994222e-01
1.945260e-04 9.994173e-01
1.955010e-04 9.994074e-01
1.964810e-04 9.994025e-01
1.974660e-04 9.993976e-01
1.984560e-04 9.993926e-01
1.994510e-04 9.993877e-01
2.004500e-04 9.993778e-01
2.014550e-04 9.993729e-01
2.024650e-04 9.993679e-01
2.034800e-04 9.993581e-01
2.045000e-04 9.993531e-01
2.055250e-04 9.993482e-01
2.065550e-04 9.993432e-01
2.075900e-04 9.993334e-01
2.086310e-04 9.993284e-01
2.096770e-04 9.993235e-01
2.107280e-04 9.993136e-01
2.117840e-04 9.993087e-01
2.128450e-04 9.992988e-01
2.139120e-04 9.992939e-01
2.149850e-04 9.992889e-01
2.160620e-04 9.992790e-01
2.171450e-04 9.992741e-01
2.182340e-04 9.992642e-01
2.193270e-04 9.992593e-01
2.204270e-04 9.992494e-01
2.215320e-04 9.992445e-01
2.226420e-04 9.992346e-01
2.237580e-04 9.992297e-01
2.248800e-04 9.992198e-01
2.260070e-04 9.992148e-01
2.271400e-04 9.992050e-01
2.282780e-04 9.991951e-01
2.294230e-04 9.991902e-01
2.305730e-04 9.991803e-01
2.317280e-04 9.991704e-01
2.328900e-04 9.991655e-01
2.340570e-04 9.991556e-01
2.352310e-04 9.991457e-01
2.364100e-04 9.991408e-01
2.375950e-04 9.991309e-01
2.387860e-04 9.991210e-01
2.399830e-04 9.991161e-01
2.411850e-04 9.991062e-01
2.423940e-04 9.990963e-01
2.436090e-04 9.990865e-01
2.448310e-04 9.990766e-01
2.460580e-04 9.990716e-01
2.472910e-04 9.990618e-01
2.485310e-04 9.990519e-01
2.497760e-04 9.990420e-01
2.510280e-04 9.990321e-01
2.522870e-04 9.990223e-01
2.535510e-04 9.990124e-01
2.548220e-04 9.990025e-01
2.561000e-04 9.989926e-01
2.573830e-04 9.989828e-01
2.586730e-04 9.989729e-01
2.599700e-04 9.989630e-01
2.612730e-04 9.989531e-01
2.625830e-04 9.989433e-01
2.638990e-04 9.989334e-01
2.652220e-04 9.989235e-01
2.665510e-04 9.989087e-01
2.678870e-04 9.988988e-01
2.692300e-04 9.988889e-01
2.705800e-04 9.988791e-01
2.719360e-04 9.988692e-01
2.732990e-04 9.988544e-01
2.746690e-04 9.988445e-01
2.760460e-04 9.988346e-01
2.774290e-04 9.988247e-01
2.788200e-04 9.988099e-01
2.802180e-04 9.988000e-01
2.816220e-04 9.987852e-01
2.830340e-04 9.987754e-01
2.844520e-04 9.987655e-01
2.858780e-04 9.987507e-01
2.873110e-04 9.987408e-01
2.887510e-04 9.987260e-01
2.901990e-04 9.987161e-01
2.916530e-04 9.987013e-01
2.931150e-04 9.986865e-01
2.945850e-04 9.986766e-01
2.960610e-04 9.986618e-01
2.975450e-04 9.986519e-01
2.990370e-04 9.986371e-01
3.005360e-04 9.986223e-01
3.020420e-04 9.986124e-01
3.035560e-04 9.985976e-01
3.050780e-04 9.985828e-01
3.066070e-04 9.985680e-01
3.081440e-04 9.985531e-01
3.096880e-04 9.985383e-01
3.112410e-04 9.985285e-01
3.128010e-04 9.985136e-01
3.143690e-04 9.984988e-01
3.159440e-04 9.984840e-01
3.175280e-04 9.984692e-01
3.191200e-04 9.984544e-01
3.207190e-04 9.984396e-01
3.223270e-04 9.984248e-01
3.239430e-04 9.984099e-01
3.255660e-04 9.983902e-01
3.271980e-04 9.983754e-01
3.288380e-04 9.983606e-01
3.304870e-04 9.983457e-01
3.321430e-04 9.983309e-01
3.338080e-04 9.983112e-01
3.354810e-04 9.982964e-01
3.371630e-04 9.982815e-01
3.388530e-04 9.982618e-01
3.405510e-04 9.982470e-01
3.422580e-04 9.982272e-01
3.439740e-04 9.982124e-01
3.456980e-04 9.981927e-01
3.474310e-04 9.981778e-01
3.491730e-04 9.981581e-01
3.509230e-04 9.981433e-01
3.526820e-04 9.981235e-01
3.544500e-04 9.981038e-01
3.562260e-04 9.980890e-01
3.580120e-04 9.980692e-01
3.598060e-04 9.980495e-01
3.616100e-04 9.980297e-01
3.634230e-04 9.980149e-01
3.652440e-04 9.979951e-01
3.670750e-04 9.979754e-01
3.689150e-04 9.979556e-01
3.707640e-04 9.979359e-01
3.726230e-04 9.979161e-01
3.744900e-04 9.978964e-01
3.763680e-04 9.978766e-01
3.782540e-04 9.978519e-01
3.801500e-04 9.978322e-01
3.820560e-04 9.978124e-01
3.839710e-04 9.977927e-01
3.858950e-04 9.977729e-01
3.878300e-04 9.977482e-01
3.897740e-04 9.977285e-01
3.917270e-04 9.977038e-01
3.936910e-04 9.976840e-01
3.956640e-04 9.976594e-01
3.976480e-04 9.976396e-01
3.996410e-04 9.976149e-01
4.016440e-04 9.975952e-01
4.036570e-04 9.975705e-01
4.056810e-04 9.975458e-01
4.077140e-04 9.975260e-01
4.097580e-04 9.975013e-01
4.118120e-04 9.974766e-01
4.138760e-04 9.974520e-01
4.159500e-04 9.974273e-01
4.180350e-04 9.974026e-01
4.201310e-04 9.973779e-01
4.222370e-04 9.973532e-01
4.243530e-04 9.973285e-01
4.264800e-04 9.973038e-01
4.286180e-04 9.972791e-01
4.307670e-04 9.972544e-01
4.329260e-04 9.972248e-01
4.350960e-04 9.972001e-01
4.372770e-04 9.971754e-01
4.394690e-04 9.971458e-01
4.416710e-04 9.971211e-01
4.438850e-04 9.970915e-01
4.461100e-04 9.970668e-01
4.483460e-04 9.970372e-01
4.505940e-04 9.970075e-01
4.528520e-04 9.969828e-01
4.551220e-04 9.969532e-01
4.574040e-04 9.969236e-01
4.596960e-04 9.968939e-01
4.620010e-04 9.968643e-01
4.643160e-04 9.968347e-01
4.666440e-04 9.968051e-01
4.689830e-04 9.967754e-01
4.713340e-04 9.967458e-01
4.736960e-04 9.967162e-01
4.760710e-04 9.966866e-01
4.784570e-04 9.966520e-01
4.808550e-04 9.966224e-01
4.832650e-04 9.965927e-01
4.856880e-04 9.965582e-01
4.881220e-04 9.965285e-01
4.905690e-04 9.964940e-01
4.930280e-04 9.964594e-01
4.954990e-04 9.964298e-01
4.979830e-04 9.963952e-01
5.004790e-04 9.963606e-01
5.029880e-04 9.963261e-01
5.055090e-04 9.962915e-01
5.080430e-04 9.962569e-01
5.105900e-04 9.962224e-01
5.131490e-04 9.961878e-01
5.157210e-04 9.961532e-01
5.183060e-04 9.961187e-01
5.209040e-04 9.960841e-01
5.235150e-04 9.960446e-01
5.261390e-04 9.960100e-01
5.287770e-04 9.959705e-01
5.314270e-04 9.959360e-01
5.340910e-04 9.958965e-01
5.367680e-04 9.958570e-01
5.394590e-04 9.958224e-01
5.421630e-04 9.957829e-01
5.448800e-04 9.957434e-01
5.476110e-04 9.957039e-01
5.503560e-04 9.956644e-01
5.531150e-04 9.956249e-01
5.558880e-04 9.955854e-01
5.586740e-04 9.955459e-01
5.614740e-04 9.955014e-01
5.642890e-04 9.954619e-01
5.671170e-04 9.954224e-01
5.699600e-04 9.953780e-01
5.728170e-04 9.953385e-01
5.756880e-04 9.952940e-01
5.785740e-04 9.952496e-01
5.814740e-04 9.952051e-01
5.843890e-04 9.951656e-01
5.873180e-04 9.951212e-01
5.902620e-04 9.950767e-01
5.932200e-04 9.950323e-01
5.961940e-04 9.949829e-01
5.991820e-04 9.949385e-01
6.021860e-04 9.948940e-01
6.052040e-04 9.948446e-01
6.082380e-04 9.948002e-01
6.112870e-04 9.947558e-01
6.143510e-04 9.947064e-01
6.174300e-04 9.946570e-01
6.205250e-04 9.946076e-01
6.236350e-04 9.945632e-01
6.267620e-04 9.945138e-01
6.299030e-04 9.944644e-01
6.330610e-04 9.944150e-01
6.362340e-04 9.943607e-01
6.394230e-04 9.943113e-01
6.426280e-04 9.942620e-01
6.458490e-04 9.942076e-01
6.490870e-04 9.941583e-01
6.523400e-04 9.941039e-01
6.556100e-04 9.940546e-01
6.588960e-04 9.940002e-01
6.621990e-04 9.939459e-01
6.655180e-04 9.938916e-01
6.688540e-04 9.938373e-01
6.722070e-04 9.937830e-01
6.755760e-04 9.937286e-01
6.789630e-04 9.936694e-01
6.823660e-04 9.936151e-01
6.857860e-04 9.935558e-01
6.892240e-04 9.935015e-01
6.926790e-04 9.934422e-01
6.961510e-04 9.933830e-01
6.996400e-04 9.933237e-01
7.031470e-04 9.932694e-01
7.066720e-04 9.932101e-01
7.102140e-04 9.931459e-01
7.137740e-04 9.930867e-01
7.173520e-04 9.930274e-01
7.209470e-04 9.929632e-01
7.245610e-04 9.929040e-01
7.281930e-04 9.928398e-01
7.318430e-04 9.927805e-01
7.355110e-04 9.927163e-01
7.391980e-04 9.926521e-01
7.429040e-04 9.925879e-01
7.466270e-04 9.925238e-01
7.503700e-04 9.924546e-01
7.541310e-04 9.923904e-01
7.579110e-04 9.923262e-01
7.617100e-04 9.922571e-01
7.655280e-04 9.921880e-01
7.693660e-04 9.921238e-01
7.732220e-04 9.920546e-01
7.770980e-04 9.919855e-01
7.809930e-04 9.919164e-01
7.849080e-04 9.918472e-01
7.888420e-04 9.917732e-01
7.927960e-04 9.917040e-01
7.967700e-04 9.916300e-01
8.007640e-04 9.915608e-01
8.047780e-04 9.914868e-01
8.088120e-04 9.914127e-01
8.128660e-04 9.913386e-01
8.169400e-04 9.912645e-01
8.210350e-04 9.911905e-01
8.251510e-04 9.911164e-01
8.292870e-04 9.910374e-01
8.334440e-04 9.909633e-01
8.376210e-04 9.908843e-01
8.418200e-04 9.908053e-01
8.460390e-04 9.907312e-01
8.502800e-04 9.906522e-01
8.545420e-04 9.905683e-01
8.588260e-04 9.904893e-01
8.631300e-04 9.904103e-01
8.674570e-04 9.903263e-01
8.718050e-04 9.902473e-01
8.761750e-04 9.901634e-01
8.805670e-04 9.900794e-01
8.849810e-04 9.899955e-01
8.894170e-04 9.899115e-01
8.938750e-04 9.898276e-01
8.983560e-04 9.897387e-01
9.028590e-04 9.896547e-01
9.073840e-04 9.895658e-01
9.119330e-04 9.894819e-01
9.165040e-04 9.893930e-01
9.210980e-04 9.893041e-01
9.257150e-04 9.892152e-01
9.303550e-04 9.891214e-01
9.350190e-04 9.890325e-01
9.397050e-04 9.889387e-01
9.444150e-04 9.888498e-01
9.491490e-04 9.887560e-01
9.539070e-04 9.886622e-01
9.586880e-04 9.885684e-01
9.634940e-04 9.884696e-01
9.683230e-04 9.883758e-01
9.731770e-04 9.882819e-01
9.780550e-04 9.881832e-01
9.829580e-04 9.880844e-01
9.878850e-04 9.879857e-01
9.928370e-04 9.878869e-01
9.978130e-04 9.877881e-01
1.002810e-03 9.876844e-01
1.007840e-03 9.875857e-01
1.012890e-03 9.874820e-01
1.017970e-03 9.873783e-01
1.023070e-03 9.872746e-01
1.028200e-03 9.871709e-01
1.033360e-03 9.870672e-01
1.038540e-03 9.869635e-01
1.043740e-03 9.868548e-01
1.048970e-03 9.867462e-01
1.054230e-03 9.866376e-01
1.059510e-03 9.865289e-01
1.064830e-03 9.864203e-01
1.070160e-03 9.863117e-01
1.075530e-03 9.861981e-01
1.080920e-03 9.860845e-01
1.086340e-03 9.859759e-01
1.091780e-03 9.858623e-01
1.097250e-03 9.857438e-01
1.102750e-03 9.856302e-01
1.108280e-03 9.855117e-01
1.113840e-03 9.853981e-01
1.119420e-03 9.852796e-01
1.125030e-03 9.851611e-01
1.130670e-03 9.850426e-01
1.136340e-03 9.849191e-01
1.142030e-03 9.848006e-01
1.147760e-03 9.846771e-01
1.153510e-03 9.845537e-01
1.159290e-03 9.844302e-01
1.165100e-03 9.843068e-01
1.170940e-03 9.841833e-01
1.176810e-03 9.840550e-01
1.182710e-03 9.839266e-01
1.188640e-03 9.837982e-01
1.194600e-03 9.836698e-01
1.200590e-03 9.835414e-01
1.206600e-03 9.834130e-01
1.212650e-03 9.832797e-01
1.218730e-03 9.831463e-01
1.224840e-03 9.830130e-01
1.230980e-03 9.828797e-01
1.237150e-03 9.827414e-01
1.243350e-03 9.826081e-01
1.249580e-03 9.824698e-01
1.255850e-03 9.823316e-01
1.262140e-03 9.821933e-01
1.268470e-03 9.820550e-01
1.274830e-03 9.819118e-01
1.281220e-03 9.817686e-01
1.287640e-03 9.816254e-01
1.294090e-03 9.814822e-01
1.300580e-03 9.813390e-01
1.307100e-03 9.811909e-01
1.313650e-03 9.810427e-01
1.320240e-03 9.808995e-01
1.326850e-03 9.807464e-01
1.333510e-03 9.805983e-01
1.340190e-03 9.804452e-01
1.346910e-03 9.802971e-01
1.353660e-03 9.801440e-01
1.360440e-03 9.799860e-01
1.367260e-03 9.798329e-01
1.374120e-03 9.796749e-01
1.381000e-03 9.795218e-01
1.387930e-03 9.793638e-01
1.394880e-03 9.792008e-01
1.401880e-03 9.790428e-01
1.408900e-03 9.788798e-01
1.415960e-03 9.787169e-01
1.423060e-03 9.785539e-01
1.430190e-03 9.783910e-01
1.437360e-03 9.782231e-01
1.444570e-03 9.780552e-01
1.451810e-03 9.778873e-01
1.459090e-03 9.777194e-01
1.466400e-03 9.775466e-01
1.473750e-03 9.773787e-01
1.481140e-03 9.772058e-01
1.488560e-03 9.770330e-01
1.496020e-03 9.768552e-01
1.503520e-03 9.766775e-01
1.511060e-03 9.765046e-01
1.518630e-03 9.763219e-01
1.526250e-03 9.761442e-01
1.533900e-03 9.759614e-01
1.541580e-03 9.757837e-01
1.549310e-03 9.755960e-01
1.557080e-03 9.754133e-01
1.564880e-03 9.752306e-01
1.572730e-03 9.750430e-01
1.580610e-03 9.748553e-01
1.588530e-03 9.746627e-01
1.596500e-03 9.744751e-01
1.604500e-03 9.742825e-01
1.612540e-03 9.740899e-01
1.620620e-03 9.738973e-01
1.628750e-03 9.736998e-01
1.636910e-03 9.735023e-01
1.645120e-03 9.733048e-01
1.653360e-03 9.731072e-01
1.661650e-03 9.729048e-01
1.669980e-03 9.727023e-01
1.678350e-03 9.724999e-01
1.686760e-03 9.722974e-01
1.695220e-03 9.720900e-01
1.703710e-03 9.718826e-01
1.712250e-03 9.716752e-01
1.720840e-03 9.714629e-01
1.729460e-03 9.712505e-01
1.738130e-03 9.710382e-01
1.746840e-03 9.708258e-01
1.755600e-03 9.706086e-01
1.764400e-03 9.703962e-01
1.773240e-03 9.701740e-01
1.782130e-03 9.699567e-01
1.791070e-03 9.697345e-01
1.800040e-03 9.695123e-01
1.809070e-03 9.692901e-01
1.818130e-03 9.690630e-01
1.827250e-03 9.688407e-01
1.836410e-03 9.686086e-01
1.845610e-03 9.683815e-01
1.854860e-03 9.681494e-01
1.864160e-03 9.679173e-01
1.873500e-03 9.676852e-01
1.882900e-03 9.674482e-01
1.892330e-03 9.672112e-01
1.901820e-03 9.669741e-01
1.911350e-03 9.667371e-01
1.920930e-03 9.664952e-01
1.930560e-03 9.662532e-01
1.940240e-03 9.660063e-01
1.949960e-03 9.657594e-01
1.959740e-03 9.655125e-01
1.969560e-03 9.652656e-01
1.979430e-03 9.650137e-01
1.989360e-03 9.647619e-01
1.999330e-03 9.645100e-01
2.009350e-03 9.642533e-01
2.019420e-03 9.639965e-01
2.029540e-03 9.637397e-01
2.039720e-03 9.634829e-01
2.049940e-03 9.632212e-01
2.060220e-03 9.629545e-01
2.070540e-03 9.626928e-01
2.080920e-03 9.624262e-01
2.091350e-03 9.621595e-01
2.101840e-03 9.618879e-01
2.112370e-03 9.616163e-01
2.122960e-03 9.613447e-01
2.133600e-03 9.610731e-01
2.144300e-03 9.607966e-01
2.155040e-03 9.605151e-01
2.165850e-03 9.602386e-01
2.176700e-03 9.599571e-01
2.187610e-03 9.596757e-01
2.198580e-03 9.593893e-01
2.209600e-03 9.591029e-01
2.220670e-03 9.588164e-01
2.231810e-03 9.585251e-01
2.242990e-03 9.582337e-01
2.254230e-03 9.579424e-01
2.265530e-03 9.576461e-01
2.276890e-03 9.573498e-01
2.288300e-03 9.570535e-01
2.299770e-03 9.567523e-01
2.311300e-03 9.564511e-01
2.322890e-03 9.561449e-01
2.334530e-03 9.558388e-01
2.346230e-03 9.555326e-01
2.357990e-03 9.552265e-01
2.369810e-03 9.549154e-01
2.381690e-03 9.545993e-01
2.393630e-03 9.542833e-01
2.405630e-03 9.539673e-01
2.417690e-03 9.536512e-01
2.429800e-03 9.533302e-01
2.441980e-03 9.530093e-01
2.454220e-03 9.526834e-01
2.466530e-03 9.523574e-01
2.478890e-03 9.520315e-01
2.491320e-03 9.517007e-01
2.503800e-03 9.513698e-01
2.516350e-03 9.510340e-01
2.528970e-03 9.506982e-01
2.541640e-03 9.503625e-01
2.554380e-03 9.500217e-01
2.567190e-03 9.496810e-01
2.580060e-03 9.493403e-01
2.592990e-03 9.489946e-01
2.605980e-03 9.486440e-01
2.619050e-03 9.482983e-01
2.632180e-03 9.479428e-01
2.645370e-03 9.475922e-01
2.658630e-03 9.472367e-01
2.671960e-03 9.468762e-01
2.685350e-03 9.465206e-01
2.698810e-03 9.461552e-01
2.712340e-03 9.457947e-01
2.725930e-03 9.454293e-01
2.739600e-03 9.450590e-01
2.753330e-03 9.446886e-01
2.767130e-03 9.443182e-01
2.781000e-03 9.439430e-01
2.794940e-03 9.435677e-01
2.808950e-03 9.431924e-01
2.823030e-03 9.428121e-01
2.837180e-03 9.424270e-01
2.851400e-03 9.420418e-01
2.865700e-03 9.416566e-01
2.880060e-03 9.412665e-01
2.894490e-03 9.408764e-01
2.909000e-03 9.404814e-01
2.923590e-03 9.400863e-01
2.938240e-03 9.396913e-01
2.952970e-03 9.392913e-01
2.967770e-03 9.388864e-01
2.982650e-03 9.384814e-01
2.997600e-03 9.380765e-01
3.012620e-03 9.376667e-01
3.027720e-03 9.372568e-01
3.042900e-03 9.368420e-01
3.058150e-03 9.364272e-01
3.073480e-03 9.360124e-01
3.088890e-03 9.355877e-01
3.104370e-03 9.351680e-01
3.119930e-03 9.347433e-01
3.135570e-03 9.343137e-01
3.151290e-03 9.338841e-01
3.167080e-03 9.334545e-01
3.182960e-03 9.330199e-01
3.198910e-03 9.325854e-01
3.214950e-03 9.321459e-01
3.231060e-03 9.317064e-01
3.247260e-03 9.312620e-01
3.263540e-03 9.308126e-01
3.279890e-03 9.303682e-01
3.296330e-03 9.299139e-01
3.312860e-03 9.294645e-01
3.329460e-03 9.290053e-01
3.346150e-03 9.285510e-01
3.362920e-03 9.280868e-01
3.379780e-03 9.276276e-01
3.396720e-03 9.271584e-01
3.413750e-03 9.266943e-01
3.430860e-03 9.262202e-01
3.448060e-03 9.257511e-01
3.465340e-03 9.252721e-01
3.482710e-03 9.247980e-01
3.500170e-03 9.243141e-01
3.517710e-03 9.238351e-01
3.535350e-03 9.233462e-01
3.553070e-03 9.228623e-01
3.570870e-03 9.223685e-01
3.588770e-03 9.218796e-01
3.606760e-03 9.213809e-01
3.624840e-03 9.208821e-01
3.643010e-03 9.203834e-01
3.661270e-03 9.198797e-01
3.679620e-03 9.193760e-01
3.698070e-03 9.188674e-01
3.716610e-03 9.183538e-01
3.735240e-03 9.178403e-01
3.753960e-03 9.173218e-01
3.772780e-03 9.168033e-01
3.791690e-03 9.162848e-01
3.810690e-03 9.157564e-01
3.829790e-03 9.152330e-01
3.848990e-03 9.146997e-01
3.868280e-03 9.141713e-01
3.887670e-03 9.136330e-01
3.907160e-03 9.130948e-01
3.926750e-03 9.125565e-01
3.946430e-03 9.120134e-01
3.966210e-03 9.114652e-01
3.986090e-03 9.109171e-01
4.006070e-03 9.103640e-01
4.026150e-03 9.098110e-01
4.046330e-03 9.092530e-01
4.066610e-03 9.086950e-01
4.087000e-03 9.081320e-01
4.107490e-03 9.075691e-01
4.128070e-03 9.069963e-01
4.148770e-03 9.064284e-01
4.169560e-03 9.058556e-01
4.190460e-03 9.052778e-01
4.211470e-03 9.046951e-01
4.232580e-03 9.041124e-01
4.253790e-03 9.035297e-01
4.275120e-03 9.029421e-01
4.296540e-03 9.023495e-01
4.318080e-03 9.017570e-01
4.339720e-03 9.011595e-01
4.361480e-03 9.005570e-01
4.383340e-03 8.999546e-01
4.405310e-03 8.993521e-01
4.427390e-03 8.987398e-01
4.449590e-03 8.981324e-01
4.471890e-03 8.975152e-01
4.494300e-03 8.968979e-01
4.516830e-03 8.962757e-01
4.539470e-03 8.956535e-01
4.562230e-03 8.950264e-01
4.585090e-03 8.943992e-01
4.608080e-03 8.937672e-01
4.631180e-03 8.931301e-01
4.654390e-03 8.924931e-01
4.677720e-03 8.918512e-01
4.701170e-03 8.912043e-01
4.724730e-03 8.905574e-01
4.748420e-03 8.899056e-01
4.772220e-03 8.892538e-01
4.796140e-03 8.885970e-01
4.820180e-03 8.879353e-01
4.844340e-03 8.872736e-01
4.868620e-03 8.866069e-01
4.893020e-03 8.859354e-01
4.917550e-03 8.852638e-01
4.942200e-03 8.845873e-01
4.966970e-03 8.839108e-01
4.991870e-03 8.832293e-01
5.016890e-03 8.825429e-01
5.042040e-03 8.818565e-01
5.067310e-03 8.811652e-01
5.092710e-03 8.804689e-01
5.118240e-03 8.797727e-01
5.143900e-03 8.790714e-01
5.169680e-03 8.783653e-01
5.195590e-03 8.776592e-01
5.221640e-03 8.769481e-01
5.247810e-03 8.762321e-01
5.274120e-03 8.755160e-01
5.300550e-03 8.747951e-01
5.327120e-03 8.740692e-01
5.353820e-03 8.733433e-01
5.380660e-03 8.726124e-01
5.407630e-03 8.718816e-01
5.434740e-03 8.711409e-01
5.461980e-03 8.704002e-01
5.489360e-03 8.696595e-01
5.516870e-03 8.689089e-01
5.544520e-03 8.681632e-01
5.572320e-03 8.674077e-01
5.600250e-03 8.666522e-01
5.628320e-03 8.658917e-01
5.656530e-03 8.651263e-01
5.684880e-03 8.643560e-01
5.713380e-03 8.635856e-01
5.742020e-03 8.628153e-01
5.770800e-03 8.620351e-01
5.799730e-03 8.612549e-01
5.828800e-03 8.604697e-01
5.858020e-03 8.596846e-01
5.887380e-03 8.588895e-01
5.916890e-03 8.580945e-01
5.946550e-03 8.572995e-01
5.976360e-03 8.564946e-01
6.006310e-03 8.556897e-01
6.036420e-03 8.548847e-01
6.066680e-03 8.540700e-01
6.097090e-03 8.532552e-01
6.127650e-03 8.524355e-01
6.158360e-03 8.516108e-01
6.189230e-03 8.507861e-01
6.220260e-03 8.499565e-01
6.251430e-03 8.491220e-01
6.282770e-03 8.482875e-01
6.314260e-03 8.474480e-01
6.345910e-03 8.466036e-01
6.377720e-03 8.457542e-01
6.409690e-03 8.449049e-01
6.441820e-03 8.440457e-01
6.474110e-03 8.431914e-01
6.506560e-03 8.423272e-01
6.539170e-03 8.414631e-01
6.571950e-03 8.405940e-01
6.604890e-03 8.397199e-01
6.638000e-03 8.388409e-01
6.671270e-03 8.379620e-01
6.704710e-03 8.370780e-01
6.738320e-03 8.361892e-01
6.772100e-03 8.352954e-01
6.806040e-03 8.344016e-01
6.840160e-03 8.335029e-01
6.874440e-03 8.325992e-01
6.908900e-03 8.316955e-01
6.943530e-03 8.307820e-01
6.978340e-03 8.298684e-01
7.013320e-03 8.289500e-01
7.048470e-03 8.280315e-01
7.083800e-03 8.271031e-01
7.119310e-03 8.261748e-01
7.155000e-03 8.252415e-01
7.190860e-03 8.243082e-01
7.226900e-03 8.233650e-01
7.263130e-03 8.224218e-01
7.299540e-03 8.214737e-01
7.336130e-03 8.205207e-01
7.372900e-03 8.195676e-01
7.409850e-03 8.186047e-01
7.447000e-03 8.176418e-01
7.484330e-03 8.166739e-01
7.521840e-03 8.157060e-01
7.559540e-03 8.147283e-01
7.597440e-03 8.137506e-01
7.635520e-03 8.127679e-01
7.673790e-03 8.117803e-01
7.712260e-03 8.107877e-01
7.750910e-03 8.097952e-01
7.789770e-03 8.087977e-01
7.828810e-03 8.077952e-01
7.868050e-03 8.067879e-01
7.907490e-03 8.057756e-01
7.947130e-03 8.047633e-01
7.986970e-03 8.037411e-01
8.027000e-03 8.027189e-01
8.067240e-03 8.016918e-01
8.107670e-03 8.006647e-01
8.148310e-03 7.996277e-01
8.189150e-03 7.985907e-01
8.230200e-03 7.975487e-01
8.271460e-03 7.965019e-01
8.312920e-03 7.954501e-01
8.354590e-03 7.943933e-01
8.396460e-03 7.933366e-01
8.438550e-03 7.922749e-01
8.480850e-03 7.912082e-01
8.523360e-03 7.901367e-01
8.566080e-03 7.890602e-01
8.609020e-03 7.879787e-01
8.652180e-03 7.868973e-01
8.695550e-03 7.858109e-01
8.739130e-03 7.847196e-01
8.782940e-03 7.836234e-01
8.826960e-03 7.825222e-01
8.871210e-03 7.814160e-01
8.915670e-03 7.803099e-01
8.960360e-03 7.791988e-01
9.005280e-03 7.780828e-01
9.050420e-03 7.769619e-01
9.095780e-03 7.758360e-01
9.141370e-03 7.747052e-01
9.187200e-03 7.735694e-01
9.233250e-03 7.724337e-01
9.279530e-03 7.712930e-01
9.326040e-03 7.701474e-01
9.372790e-03 7.689968e-01
9.419770e-03 7.678413e-01
9.466990e-03 7.666808e-01
9.514440e-03 7.655204e-01
9.562130e-03 7.643501e-01
9.610060e-03 7.631797e-01
9.658240e-03 7.620045e-01
9.706640e-03 7.608243e-01
9.755300e-03 7.596391e-01
9.804200e-03 7.584490e-01
9.853350e-03 7.572540e-01
9.902730e-03 7.560590e-01
9.952370e-03 7.548541e-01
1.000230e-02 7.536492e-01
1.005240e-02 7.524394e-01
1.010280e-02 7.512246e-01
1.015340e-02 7.500049e-01
1.020430e-02 7.487803e-01
1.025550e-02 7.475507e-01
1.030690e-02 7.463211e-01
1.035850e-02 7.450817e-01
1.041050e-02 7.438422e-01
1.046260e-02 7.425929e-01
1.051510e-02 7.413436e-01
1.056780e-02 7.400893e-01
1.062080e-02 7.388301e-01
1.067400e-02 7.375659e-01
1.072750e-02 7.362968e-01
1.078130e-02 7.350278e-01
1.083530e-02 7.337488e-01
1.088960e-02 7.324649e-01
1.094420e-02 7.311810e-01
1.099910e-02 7.298922e-01
1.105420e-02 7.285984e-01
1.110960e-02 7.272947e-01
1.116530e-02 7.259911e-01
1.122130e-02 7.246825e-01
1.127750e-02 7.233690e-01
1.133400e-02 7.220554e-01
1.139090e-02 7.207320e-01
1.144800e-02 7.194037e-01
1.150530e-02 7.180753e-01
1.156300e-02 7.167371e-01
1.162100e-02 7.153989e-01
1.167920e-02 7.140557e-01
1.173780e-02 7.127027e-01
1.179660e-02 7.113497e-01
1.185570e-02 7.099917e-01
1.191510e-02 7.086288e-01
1.197490e-02 7.072609e-01
1.203490e-02 7.058882e-01
1.209520e-02 7.045104e-01
1.215590e-02 7.031327e-01
1.221680e-02 7.017451e-01
1.227800e-02 7.003526e-01
1.233960e-02 6.989600e-01
1.240140e-02 6.975576e-01
1.246360e-02 6.961552e-01
1.252610e-02 6.947479e-01
1.258880e-02 6.933306e-01
1.265190e-02 6.919134e-01
1.271540e-02 6.904912e-01
1.277910e-02 6.890641e-01
1.284320e-02 6.876321e-01
1.290750e-02 6.861951e-01
1.297220e-02 6.847532e-01
1.303730e-02 6.833063e-01
1.310260e-02 6.818545e-01
1.316830e-02 6.804027e-01
1.323430e-02 6.789411e-01
1.330060e-02 6.774745e-01
1.336730e-02 6.760079e-01
1.343430e-02 6.745314e-01
1.350160e-02 6.730549e-01
1.356930e-02 6.715685e-01
1.363730e-02 6.700822e-01
1.370570e-02 6.685909e-01
1.377440e-02 6.670946e-01
1.384340e-02 6.655885e-01
1.391280e-02 6.640824e-01
1.398260e-02 6.625714e-01
1.405270e-02 6.610554e-01
1.412310e-02 6.595344e-01
1.419390e-02 6.580086e-01
1.426500e-02 6.564827e-01
1.433650e-02 6.549470e-01
1.440840e-02 6.534063e-01
1.448060e-02 6.518656e-01
1.455320e-02 6.503150e-01
1.462620e-02 6.487596e-01
1.469950e-02 6.472041e-01
1.477310e-02 6.456436e-01
1.484720e-02 6.440733e-01
1.492160e-02 6.425030e-01
1.499640e-02 6.409278e-01
1.507160e-02 6.393476e-01
1.514710e-02 6.377625e-01
1.522310e-02 6.361724e-01
1.529940e-02 6.345774e-01
1.537600e-02 6.329775e-01
1.545310e-02 6.313726e-01
1.553060e-02 6.297628e-01
1.560840e-02 6.281530e-01
1.568670e-02 6.265333e-01
1.576530e-02 6.249136e-01
1.584430e-02 6.232840e-01
1.592370e-02 6.216545e-01
1.600360e-02 6.200199e-01
1.608380e-02 6.183805e-01
1.616440e-02 6.167361e-01
1.624540e-02 6.150868e-01
1.632680e-02 6.134326e-01
1.640870e-02 6.117734e-01
1.649090e-02 6.101092e-01
1.657360e-02 6.084451e-01
1.665670e-02 6.067711e-01
1.674020e-02 6.050971e-01
1.682410e-02 6.034181e-01
1.690840e-02 6.017343e-01
1.699320e-02 6.000454e-01
1.707830e-02 5.983517e-01
1.716390e-02 5.966530e-01
1.725000e-02 5.949493e-01
1.733640e-02 5.932457e-01
1.742330e-02 5.915322e-01
1.751070e-02 5.898187e-01
1.759850e-02 5.881002e-01
1.768670e-02 5.863768e-01
1.777530e-02 5.846485e-01
1.786440e-02 5.829202e-01
1.795400e-02 5.811820e-01
1.804400e-02 5.794438e-01
1.813440e-02 5.777006e-01
1.822530e-02 5.759526e-01
1.831670e-02 5.741995e-01
1.840850e-02 5.724465e-01
1.850070e-02 5.706836e-01
1.859350e-02 5.689207e-01
1.868670e-02 5.671529e-01
1.878030e-02 5.653801e-01
1.887450e-02 5.636074e-01
1.896910e-02 5.618247e-01
1.906420e-02 5.600421e-01
1.915970e-02 5.582545e-01
1.925580e-02 5.564669e-01
1.935230e-02 5.546694e-01
1.944930e-02 5.528720e-01
1.954680e-02 5.510696e-01
1.964480e-02 5.492672e-01
1.974320e-02 5.474599e-01
1.984220e-02 5.456426e-01
1.994170e-02 5.438304e-01
2.004160e-02 5.420082e-01
2.014210e-02 5.401861e-01
2.024300e-02 5.383590e-01
2.034450e-02 5.365319e-01
2.044650e-02 5.346999e-01
2.054900e-02 5.328629e-01
2.065200e-02 5.310259e-01
2.075550e-02 5.291840e-01
2.085950e-02 5.273372e-01
2.096410e-02 5.254904e-01
2.106920e-02 5.236386e-01
2.117480e-02 5.217819e-01
2.128090e-02 5.199251e-01
2.138760e-02 5.180635e-01
2.149480e-02 5.162018e-01
2.160250e-02 5.143352e-01
2.171080e-02 5.124686e-01
2.181960e-02 5.105971e-01
2.192900e-02 5.087256e-01
2.203890e-02 5.068491e-01
2.214940e-02 5.049726e-01
2.226040e-02 5.030912e-01
2.237200e-02 5.012049e-01
2.248420e-02 4.993235e-01
2.259690e-02 4.974371e-01
2.271010e-02 4.955459e-01
2.282400e-02 4.936541e-01
2.293840e-02 4.917608e-01
2.305330e-02 4.898651e-01
2.316890e-02 4.879679e-01
2.328500e-02 4.860692e-01
2.340170e-02 4.841685e-01
2.351910e-02 4.822664e-01
2.363690e-02 4.803628e-01
2.375540e-02 4.784576e-01
2.387450e-02 4.765510e-01
2.399420e-02 4.746435e-01
2.411440e-02 4.727344e-01
2.423530e-02 4.708244e-01
2.435680e-02 4.689128e-01
2.447890e-02 4.670008e-01
2.460160e-02 4.650878e-01
2.472490e-02 4.631738e-01
2.484880e-02 4.612593e-01
2.497340e-02 4.593443e-01
2.509860e-02 4.574283e-01
2.522440e-02 4.555129e-01
2.535080e-02 4.535964e-01
2.547790e-02 4.516794e-01
2.560560e-02 4.497630e-01
2.573390e-02 4.478460e-01
2.586290e-02 4.459295e-01
2.599260e-02 4.440126e-01
2.612290e-02 4.420966e-01
2.625380e-02 4.401806e-01
2.638540e-02 4.382652e-01
2.651770e-02 4.363502e-01
2.665060e-02 4.344362e-01
2.678420e-02 4.325227e-01
2.691840e-02 4.306101e-01
2.705330e-02 4.286986e-01
2.718900e-02 4.267886e-01
2.732520e-02 4.248795e-01
2.746220e-02 4.229719e-01
2.759990e-02 4.210653e-01
2.773820e-02 4.191607e-01
2.787730e-02 4.172576e-01
2.801700e-02 4.153569e-01
2.815740e-02 4.134577e-01
2.829860e-02 4.115605e-01
2.844040e-02 4.096653e-01
2.858300e-02 4.077730e-01
2.872620e-02 4.058827e-01
2.887020e-02 4.039949e-01
2.901490e-02 4.021100e-01
2.916040e-02 4.002281e-01
2.930660e-02 3.983487e-01
2.945350e-02 3.964727e-01
2.960110e-02 3.946002e-01
2.974940e-02 3.927307e-01
2.989860e-02 3.908646e-01
3.004840e-02 3.890024e-01
3.019910e-02 3.871437e-01
3.035040e-02 3.852885e-01
3.050260e-02 3.834377e-01
3.065550e-02 3.815909e-01
3.080910e-02 3.797489e-01
3.096350e-02 3.779110e-01
3.111880e-02 3.760553e-01
3.127470e-02 3.742035e-01
3.143150e-02 3.723566e-01
3.158910e-02 3.705147e-01
3.174740e-02 3.686778e-01
3.190650e-02 3.668462e-01
3.206650e-02 3.650201e-01
3.222720e-02 3.631990e-01
3.238870e-02 3.613837e-01
3.255110e-02 3.595739e-01
3.271430e-02 3.577706e-01
3.287820e-02 3.559731e-01
3.304300e-02 3.541816e-01
3.320870e-02 3.523964e-01
3.337510e-02 3.506182e-01
3.354240e-02 3.488470e-01
3.371050e-02 3.470821e-01
3.387950e-02 3.453241e-01
3.404930e-02 3.435736e-01
3.422000e-02 3.418300e-01
3.439160e-02 3.400937e-01
3.456390e-02 3.383654e-01
3.473720e-02 3.366445e-01
3.491130e-02 3.349320e-01
3.508630e-02 3.332268e-01
3.526220e-02 3.315296e-01
3.543890e-02 3.298408e-01
3.561660e-02 3.281604e-01
3.579510e-02 3.264883e-01
3.597450e-02 3.248252e-01
3.615490e-02 3.231704e-01
3.633600e-02 3.215251e-01
3.651820e-02 3.198881e-01
3.670120e-02 3.182600e-01
3.688520e-02 3.166418e-01
3.707010e-02 3.150325e-01
3.725590e-02 3.134321e-01
3.744270e-02 3.118415e-01
3.763040e-02 3.102608e-01
3.781900e-02 3.086895e-01
3.800850e-02 3.071281e-01
3.819900e-02 3.055766e-01
3.839050e-02 3.040349e-01
3.858300e-02 3.025031e-01
3.877640e-02 3.009817e-01
3.897070e-02 2.994701e-01
3.916610e-02 2.979685e-01
3.936240e-02 2.964777e-01
3.955970e-02 2.949972e-01
3.975800e-02 2.935272e-01
3.995730e-02 2.920670e-01
4.015760e-02 2.906177e-01
4.035890e-02 2.891787e-01
4.056120e-02 2.877501e-01
4.076450e-02 2.863324e-01
4.096880e-02 2.849250e-01
4.117410e-02 2.835286e-01
4.138050e-02 2.821424e-01
4.158800e-02 2.807672e-01
4.179640e-02 2.794023e-01
4.200590e-02 2.780478e-01
4.221650e-02 2.767041e-01
4.242810e-02 2.753713e-01
4.264080e-02 2.740489e-01
4.285450e-02 2.727369e-01
4.306930e-02 2.714357e-01
4.328520e-02 2.701449e-01
4.350220e-02 2.688644e-01
4.372020e-02 2.675944e-01
4.393940e-02 2.663352e-01
4.415960e-02 2.650858e-01
4.438100e-02 2.638469e-01
4.460350e-02 2.626183e-01
4.482700e-02 2.614005e-01
4.505170e-02 2.601922e-01
4.527750e-02 2.589942e-01
4.550450e-02 2.578061e-01
4.573260e-02 2.566279e-01
4.596180e-02 2.554595e-01
4.619220e-02 2.543016e-01
4.642380e-02 2.531530e-01
4.665640e-02 2.520142e-01
4.689030e-02 2.508849e-01
4.712530e-02 2.497654e-01
4.736160e-02 2.486549e-01
4.759900e-02 2.475542e-01
4.783760e-02 2.464629e-01
4.807730e-02 2.453804e-01
4.831830e-02 2.443069e-01
4.856050e-02 2.432472e-01
4.880390e-02 2.421924e-01
4.904850e-02 2.411455e-01
4.929440e-02 2.401080e-01
4.954150e-02 2.390785e-01
4.978980e-02 2.380578e-01
5.003940e-02 2.370455e-01
5.029020e-02 2.360410e-01
5.054230e-02 2.350445e-01
5.079560e-02 2.340564e-01
5.105030e-02 2.330757e-01
5.130620e-02 2.321024e-01
5.156330e-02 2.311370e-01
5.182180e-02 2.301781e-01
5.208160e-02 2.292270e-01
5.234260e-02 2.282818e-01
5.260500e-02 2.273441e-01
5.286860e-02 2.264123e-01
5.313370e-02 2.254869e-01
5.340000e-02 2.245669e-01
5.366770e-02 2.236529e-01
5.393670e-02 2.227438e-01
5.420710e-02 2.218401e-01
5.447880e-02 2.209414e-01
5.475190e-02 2.200471e-01
5.502630e-02 2.191568e-01
5.530210e-02 2.182709e-01
5.557930e-02 2.173884e-01
5.585790e-02 2.165090e-01
5.613790e-02 2.156325e-01
5.641930e-02 2.147584e-01
5.670210e-02 2.138869e-01
5.698630e-02 2.130173e-01
5.727200e-02 2.121491e-01
5.755900e-02 2.112825e-01
5.784750e-02 2.104164e-01
5.813750e-02 2.095512e-01
5.842890e-02 2.086861e-01
5.872180e-02 2.078204e-01
5.901610e-02 2.069548e-01
5.931200e-02 2.060886e-01
5.960930e-02 2.052210e-01
5.990800e-02 2.043524e-01
6.020830e-02 2.034818e-01
6.051010e-02 2.026098e-01
6.081340e-02 2.017352e-01
6.111830e-02 2.008582e-01
6.142460e-02 1.999788e-01
6.173250e-02 1.990963e-01
6.204200e-02 1.982109e-01
6.235300e-02 1.973221e-01
6.266550e-02 1.964298e-01
6.297960e-02 1.955340e-01
6.329530e-02 1.946343e-01
6.361260e-02 1.937311e-01
6.393140e-02 1.928235e-01
6.425190e-02 1.919119e-01
6.457400e-02 1.909959e-01
6.489760e-02 1.900755e-01
6.522290e-02 1.891510e-01
6.554980e-02 1.882217e-01
6.587840e-02 1.872879e-01
6.620860e-02 1.863497e-01
6.654050e-02 1.854065e-01
6.687400e-02 1.844584e-01
6.720930e-02 1.835058e-01
6.754620e-02 1.825483e-01
6.788470e-02 1.815859e-01
6.822500e-02 1.806190e-01
6.856690e-02 1.796467e-01
6.891070e-02 1.786695e-01
6.925610e-02 1.776873e-01
6.960320e-02 1.767170e-01
6.995210e-02 1.757333e-01
7.030280e-02 1.747442e-01
7.065520e-02 1.737502e-01
7.100930e-02 1.727512e-01
7.136520e-02 1.717463e-01
7.172290e-02 1.707370e-01
7.208250e-02 1.697222e-01
7.244380e-02 1.687020e-01
7.280690e-02 1.676768e-01
7.317190e-02 1.666472e-01
7.353870e-02 1.656122e-01
7.390720e-02 1.645723e-01
7.427770e-02 1.635279e-01
7.465000e-02 1.624790e-01
7.502420e-02 1.614262e-01
7.540030e-02 1.603690e-01
7.577820e-02 1.593083e-01
7.615810e-02 1.582441e-01
7.653980e-02 1.571765e-01
7.692340e-02 1.561069e-01
7.730900e-02 1.550344e-01
7.769650e-02 1.539603e-01
7.808600e-02 1.528848e-01
7.847740e-02 1.518083e-01
7.887080e-02 1.507313e-01
7.926610e-02 1.496543e-01
7.966350e-02 1.485778e-01
8.006280e-02 1.475028e-01
8.046400e-02 1.464293e-01
8.086740e-02 1.453582e-01
8.127270e-02 1.442896e-01
8.168010e-02 1.432250e-01
8.208960e-02 1.421638e-01
8.250100e-02 1.411075e-01
8.291460e-02 1.400562e-01
8.333020e-02 1.390103e-01
8.374780e-02 1.379708e-01
8.416760e-02 1.369383e-01
8.458950e-02 1.359127e-01
8.501360e-02 1.348949e-01
8.543970e-02 1.338851e-01
8.586800e-02 1.328841e-01
8.629840e-02 1.318926e-01
8.673100e-02 1.309104e-01
8.716570e-02 1.299381e-01
8.760260e-02 1.289756e-01
8.804170e-02 1.280246e-01
8.848300e-02 1.270839e-01
8.892660e-02 1.261550e-01
8.937230e-02 1.252375e-01
8.982030e-02 1.243319e-01
9.027050e-02 1.234386e-01
9.072300e-02 1.225581e-01
9.117770e-02 1.216900e-01
9.163480e-02 1.208342e-01
9.209410e-02 1.199918e-01
9.255570e-02 1.191627e-01
9.301970e-02 1.183469e-01
9.348590e-02 1.175445e-01
9.395450e-02 1.167559e-01
9.442550e-02 1.159806e-01
9.489870e-02 1.152192e-01
9.537440e-02 1.144715e-01
9.585250e-02 1.137372e-01
9.633300e-02 1.130173e-01
9.681590e-02 1.123106e-01
9.730120e-02 1.116178e-01
9.778890e-02 1.109388e-01
9.827910e-02 1.102737e-01
9.877160e-02 1.096218e-01
9.926670e-02 1.089833e-01
9.976430e-02 1.083582e-01
1.002640e-01 1.077464e-01
1.007670e-01 1.071474e-01
1.012720e-01 1.065612e-01
1.017800e-01 1.059874e-01
1.022900e-01 1.054255e-01
1.028030e-01 1.048759e-01
1.033180e-01 1.043381e-01
1.038360e-01 1.038107e-01
1.043560e-01 1.032947e-01
1.048790e-01 1.027885e-01
1.054050e-01 1.022923e-01
1.059330e-01 1.018054e-01
1.064640e-01 1.013269e-01
1.069980e-01 1.008563e-01
1.075340e-01 1.003931e-01
1.080730e-01 9.993679e-02
1.086150e-01 9.948595e-02
1.091600e-01 9.904053e-02
1.097070e-01 9.859907e-02
1.102570e-01 9.816155e-02
1.108090e-01 9.772700e-02
1.113650e-01 9.729393e-02
1.119230e-01 9.686284e-02
1.124840e-01 9.643175e-02
1.130480e-01 9.600065e-02
1.136140e-01 9.556857e-02
1.141840e-01 9.513501e-02
1.147560e-01 9.469897e-02
1.153320e-01 9.426047e-02
1.159100e-01 9.381852e-02
1.164910e-01 9.337310e-02
1.170740e-01 9.292275e-02
1.176610e-01 9.246845e-02
1.182510e-01 9.200822e-02
1.188440e-01 9.154305e-02
1.194400e-01 9.107146e-02
1.200380e-01 9.059395e-02
1.206400e-01 9.011002e-02
1.212450e-01 8.961967e-02
1.218520e-01 8.912191e-02
1.224630e-01 8.861724e-02
1.230770e-01 8.810566e-02
1.236940e-01 8.758617e-02
1.243140e-01 8.705878e-02
1.249370e-01 8.652448e-02
1.255630e-01 8.598228e-02
1.261930e-01 8.543218e-02
1.268250e-01 8.487467e-02
1.274610e-01 8.430976e-02
1.281000e-01 8.373743e-02
1.287420e-01 8.315820e-02
1.293870e-01 8.257205e-02
1.300360e-01 8.197948e-02
1.306880e-01 8.138098e-02
1.313430e-01 8.077607e-02
1.320010e-01 8.016671e-02
1.326630e-01 7.955192e-02
1.333280e-01 7.893318e-02
1.339960e-01 7.831098e-02
1.346680e-01 7.768533e-02
1.353430e-01 7.705770e-02
1.360210e-01 7.642809e-02
1.367030e-01 7.579750e-02
1.373880e-01 7.516691e-02
1.380770e-01 7.453681e-02
1.387690e-01 7.390819e-02
1.394650e-01 7.328155e-02
1.401640e-01 7.265836e-02
1.408660e-01 7.203864e-02
1.415720e-01 7.142384e-02
1.422820e-01 7.081498e-02
1.429950e-01 7.021204e-02
1.437120e-01 6.961700e-02
1.444320e-01 6.902987e-02
1.451560e-01 6.845112e-02
1.458840e-01 6.788226e-02
1.466150e-01 6.732327e-02
1.473500e-01 6.677514e-02
1.480890e-01 6.623788e-02
1.488310e-01 6.571247e-02
1.495770e-01 6.519891e-02
1.503270e-01 6.469769e-02
1.510800e-01 6.420932e-02
1.518370e-01 6.373279e-02
1.525990e-01 6.326960e-02
1.533640e-01 6.281925e-02
1.541320e-01 6.238124e-02
1.549050e-01 6.195656e-02
1.556810e-01 6.154374e-02
1.564620e-01 6.114376e-02
1.572460e-01 6.075562e-02
1.580340e-01 6.037934e-02
1.588260e-01 6.001442e-02
1.596220e-01 5.966036e-02
1.604230e-01 5.931618e-02
1.612270e-01 5.898137e-02
1.620350e-01 5.865595e-02
1.628470e-01 5.833893e-02
1.636630e-01 5.802882e-02
1.644840e-01 5.772611e-02
1.653080e-01 5.742884e-02
1.661370e-01 5.713651e-02
1.669690e-01 5.684862e-02
1.678060e-01 5.656419e-02
1.686480e-01 5.628271e-02
1.694930e-01 5.600273e-02
1.703420e-01 5.572422e-02
1.711960e-01 5.544571e-02
1.720540e-01 5.516720e-02
1.729170e-01 5.488721e-02
1.737840e-01 5.460525e-02
1.746550e-01 5.432082e-02
1.755300e-01 5.403243e-02
1.764100e-01 5.374059e-02
1.772940e-01 5.344381e-02
1.781830e-01 5.314160e-02
1.790760e-01 5.283396e-02
1.799740e-01 5.251990e-02
1.808760e-01 5.219942e-02
1.817830e-01 5.187202e-02
1.826940e-01 5.153821e-02
1.836100e-01 5.119748e-02
1.845300e-01 5.084984e-02
1.854550e-01 5.049578e-02
1.863840e-01 5.013530e-02
1.873190e-01 4.976890e-02
1.882580e-01 4.939706e-02
1.892010e-01 4.901979e-02
1.901500e-01 4.863813e-02
1.911030e-01 4.825246e-02
1.920610e-01 4.786354e-02
1.930230e-01 4.747205e-02
1.939910e-01 4.707863e-02
1.949630e-01 4.668403e-02
1.959400e-01 4.628904e-02
1.969230e-01 4.589434e-02
1.979100e-01 4.550072e-02
1.989020e-01 4.510893e-02
1.998990e-01 4.471971e-02
2.009010e-01 4.433380e-02
2.019080e-01 4.395184e-02
2.029200e-01 4.357467e-02
2.039370e-01 4.320294e-02
2.049590e-01 4.283737e-02
2.059870e-01 4.247867e-02
2.070190e-01 4.212757e-02
2.080570e-01 4.178452e-02
2.091000e-01 4.145026e-02
2.101480e-01 4.112489e-02
2.112010e-01 4.080891e-02
2.122600e-01 4.050230e-02
2.133240e-01 4.020518e-02
2.143930e-01 3.991729e-02
2.154680e-01 3.963848e-02
2.165480e-01 3.936827e-02
2.176330e-01 3.910631e-02
2.187240e-01 3.885209e-02
2.198200e-01 3.860499e-02
2.209220e-01 3.836446e-02
2.220300e-01 3.812995e-02
2.231430e-01 3.790082e-02
2.242610e-01 3.767639e-02
2.253850e-01 3.745605e-02
2.265150e-01 3.723907e-02
2.276500e-01 3.702476e-02
2.287910e-01 3.681227e-02
2.299380e-01 3.660097e-02
2.310910e-01 3.639007e-02
2.322490e-01 3.617882e-02
2.334130e-01 3.596658e-02
2.345830e-01 3.575276e-02
2.357590e-01 3.553677e-02
2.369410e-01 3.531806e-02
2.381290e-01 3.509624e-02
2.393220e-01 3.487092e-02
2.405220e-01 3.464189e-02
2.417270e-01 3.440891e-02
2.429390e-01 3.417193e-02
2.441570e-01 3.393101e-02
2.453810e-01 3.368618e-02
2.466110e-01 3.343774e-02
2.478470e-01 3.318595e-02
2.490890e-01 3.293109e-02
2.503380e-01 3.267362e-02
2.515930e-01 3.241398e-02
2.528540e-01 3.215266e-02
2.541210e-01 3.189025e-02
2.553950e-01 3.162734e-02
2.566750e-01 3.136449e-02
2.579620e-01 3.110247e-02
2.592550e-01 3.084179e-02
2.605540e-01 3.058324e-02
2.618600e-01 3.032739e-02
2.631730e-01 3.007481e-02
2.644920e-01 2.982603e-02
2.658180e-01 2.958150e-02
2.671500e-01 2.934156e-02
2.684890e-01 2.910660e-02
2.698350e-01 2.887688e-02
2.711880e-01 2.865255e-02
2.725470e-01 2.843384e-02
2.739130e-01 2.822081e-02
2.752860e-01 2.801351e-02
2.766660e-01 2.781179e-02
2.780530e-01 2.761540e-02
2.794470e-01 2.742400e-02
2.808470e-01 2.723720e-02
2.822550e-01 2.705439e-02
2.836700e-01 2.687504e-02
2.850920e-01 2.669865e-02
2.865210e-01 2.652463e-02
2.879570e-01 2.635244e-02
2.894000e-01 2.618153e-02
2.908510e-01 2.601152e-02
2.923090e-01 2.584189e-02
2.937740e-01 2.567222e-02
2.952470e-01 2.550205e-02
2.967260e-01 2.533110e-02
2.982140e-01 2.515901e-02
2.997090e-01 2.498558e-02
3.012110e-01 2.481058e-02
3.027210e-01 2.463389e-02
3.042380e-01 2.445538e-02
3.057630e-01 2.427504e-02
3.072960e-01 2.409297e-02
3.088360e-01 2.390928e-02
3.103840e-01 2.372430e-02
3.119400e-01 2.353833e-02
3.135040e-01 2.335182e-02
3.150750e-01 2.316521e-02
3.166550e-01 2.297885e-02
3.182410e-01 2.279317e-02
3.198370e-01 2.260849e-02
3.214400e-01 2.242524e-02
3.230510e-01 2.224376e-02
3.246710e-01 2.206441e-02
3.262980e-01 2.188748e-02
3.279340e-01 2.171336e-02
3.295770e-01 2.154221e-02
3.312290e-01 2.137432e-02
3.328890e-01 2.120963e-02
3.345580e-01 2.104825e-02
3.362350e-01 2.089009e-02
3.379210e-01 2.073513e-02
3.396140e-01 2.058319e-02
3.413170e-01 2.043406e-02
3.430280e-01 2.028749e-02
3.447470e-01 2.014320e-02
3.464750e-01 2.000074e-02
3.482120e-01 1.985981e-02
3.499570e-01 1.972006e-02
3.517110e-01 1.958120e-02
3.534740e-01 1.944294e-02
3.552460e-01 1.930497e-02
3.570270e-01 1.916705e-02
3.588170e-01 1.902903e-02
3.606150e-01 1.889071e-02
3.624220e-01 1.875195e-02
3.642390e-01 1.861275e-02
3.660650e-01 1.847310e-02
3.679000e-01 1.833305e-02
3.697440e-01 1.819266e-02
3.715970e-01 1.805203e-02
3.734600e-01 1.791134e-02
3.753320e-01 1.777075e-02
3.772130e-01 1.763041e-02
3.791040e-01 1.749077e-02
3.810040e-01 1.735191e-02
3.829140e-01 1.721418e-02
3.848340e-01 1.707775e-02
3.867630e-01 1.694274e-02
3.887010e-01 1.680936e-02
3.906490e-01 1.667771e-02
3.926080e-01 1.654789e-02
3.945760e-01 1.641999e-02
3.965530e-01 1.629402e-02
3.985410e-01 1.616993e-02
4.005390e-01 1.604766e-02
4.025470e-01 1.592707e-02
4.045640e-01 1.580812e-02
4.065920e-01 1.569054e-02
4.086300e-01 1.557415e-02
4.106780e-01 1.545880e-02
4.127370e-01 1.534418e-02
4.148060e-01 1.523021e-02
4.168850e-01 1.511679e-02
4.189750e-01 1.500375e-02
4.210750e-01 1.489112e-02
4.231860e-01 1.477872e-02
4.253070e-01 1.466648e-02
4.274390e-01 1.455439e-02
4.295810e-01 1.444244e-02
4.317350e-01 1.433069e-02
4.338990e-01 1.421924e-02
4.360740e-01 1.410818e-02
4.382590e-01 1.399752e-02
4.404560e-01 1.388750e-02
4.426640e-01 1.377817e-02
4.448830e-01 1.366968e-02
4.471130e-01 1.356213e-02
4.493540e-01 1.345567e-02
4.516060e-01 1.335024e-02
4.538700e-01 1.324595e-02
4.561450e-01 1.314279e-02
4.584320e-01 1.304087e-02
4.607300e-01 1.294013e-02
4.630390e-01 1.284053e-02
4.653600e-01 1.274197e-02
4.676920e-01 1.264439e-02
4.700370e-01 1.254765e-02
4.723930e-01 1.245180e-02
4.747610e-01 1.235665e-02
4.771410e-01 1.226208e-02
4.795320e-01 1.216806e-02
4.819360e-01 1.207449e-02
4.843510e-01 1.198140e-02
4.867790e-01 1.188872e-02
4.892190e-01 1.179647e-02
4.916720e-01 1.170462e-02
4.941360e-01 1.161317e-02
4.966130e-01 1.152221e-02
4.991020e-01 1.143180e-02
5.016040e-01 1.134197e-02
5.041180e-01 1.125269e-02
5.066450e-01 1.116405e-02
5.091850e-01 1.107611e-02
5.117370e-01 1.098895e-02
5.143020e-01 1.090258e-02
5.168800e-01 1.081700e-02
5.194710e-01 1.073222e-02
5.220750e-01 1.064822e-02
5.246920e-01 1.056511e-02
5.273220e-01 1.048270e-02
5.299650e-01 1.040097e-02
5.326210e-01 1.031989e-02
5.352910e-01 1.023945e-02
5.379740e-01 1.015960e-02
5.406710e-01 1.008034e-02
5.433810e-01 1.000153e-02
5.461050e-01 9.923312e-03
5.488420e-01 9.845537e-03
5.515930e-01 9.768207e-03
5.543580e-01 9.691420e-03
5.571370e-01 9.615028e-03
5.599300e-01 9.539129e-03
5.627360e-01 9.463774e-03
5.655570e-01 9.388962e-03
5.683910e-01 9.314743e-03
5.712410e-01 9.241018e-03
5.741040e-01 9.167885e-03
5.769820e-01 9.095394e-03
5.798740e-01 9.023495e-03
5.827810e-01 8.952140e-03
5.857020e-01 8.881427e-03
5.886380e-01 8.811306e-03
5.915880e-01 8.741778e-03
5.945530e-01 8.672843e-03
5.975340e-01 8.604351e-03
6.005290e-01 8.536453e-03
6.035390e-01 8.468999e-03
6.065640e-01 8.402038e-03
6.096050e-01 8.335473e-03
6.126610e-01 8.269451e-03
6.157320e-01 8.203873e-03
6.188180e-01 8.138740e-03
6.219190e-01 8.074101e-03
6.250370e-01 8.009906e-03
6.281700e-01 7.946205e-03
6.313190e-01 7.882948e-03
6.344830e-01 7.820185e-03
6.376640e-01 7.757916e-03
6.408600e-01 7.696140e-03
6.440720e-01 7.634859e-03
6.473000e-01 7.574071e-03
6.505450e-01 7.513777e-03
6.538060e-01 7.453928e-03
6.570830e-01 7.394572e-03
6.603770e-01 7.335661e-03
6.636870e-01 7.277145e-03
6.670140e-01 7.219122e-03
6.703580e-01 7.161544e-03
6.737170e-01 7.104361e-03
6.770940e-01 7.047573e-03
6.804880e-01 6.991279e-03
6.838990e-01 6.935331e-03
6.873280e-01 6.879876e-03
6.907730e-01 6.824767e-03
6.942350e-01 6.770152e-03
6.977150e-01 6.715932e-03
7.012120e-01 6.662107e-03
7.047270e-01 6.608677e-03
7.082600e-01 6.555692e-03
7.118100e-01 6.503101e-03
7.153780e-01 6.450955e-03
7.189640e-01 6.399204e-03
7.225680e-01 6.347848e-03
7.261900e-01 6.296887e-03
7.298290e-01 6.246321e-03
7.334870e-01 6.196101e-03
7.371640e-01 6.146276e-03
7.408590e-01 6.096846e-03
7.445730e-01 6.047810e-03
7.483050e-01 5.999121e-03
7.520560e-01 5.950777e-03
7.558260e-01 5.902829e-03
7.596150e-01 5.855275e-03
7.634220e-01 5.808067e-03
7.672480e-01 5.761204e-03
7.710940e-01 5.714737e-03
7.749600e-01 5.668665e-03
7.788440e-01 5.622889e-03
7.827480e-01 5.577508e-03
7.866720e-01 5.532423e-03
7.906150e-01 5.487734e-03
7.945770e-01 5.443390e-03
7.985600e-01 5.399342e-03
8.025630e-01 5.355690e-03
8.065860e-01 5.312333e-03
8.106290e-01 5.269323e-03
8.146930e-01 5.226658e-03
8.187760e-01 5.184338e-03
8.228810e-01 5.142315e-03
8.270050e-01 5.100638e-03
8.311500e-01 5.059257e-03
8.353160e-01 5.018222e-03
8.395040e-01 4.977482e-03
8.437120e-01 4.937099e-03
8.479410e-01 4.897016e-03
8.521910e-01 4.857250e-03
8.564630e-01 4.817780e-03
8.607560e-01 4.778621e-03
8.650700e-01 4.739788e-03
8.694060e-01 4.701241e-03
8.737640e-01 4.662996e-03
8.781440e-01 4.625052e-03
8.825460e-01 4.587394e-03
8.869700e-01 4.550028e-03
8.914160e-01 4.512972e-03
8.958840e-01 4.476203e-03
9.003740e-01 4.439731e-03
9.048870e-01 4.403540e-03
9.094230e-01 4.367620e-03
9.139820e-01 4.331987e-03
9.185630e-01 4.296640e-03
9.231680e-01 4.261560e-03
9.277950e-01 4.226756e-03
9.324460e-01 4.192229e-03
9.371190e-01 4.157984e-03
9.418170e-01 4.124005e-03
9.465370e-01 4.090288e-03
9.512820e-01 4.056827e-03
9.560510e-01 4.023629e-03
9.608430e-01 3.990692e-03
9.656590e-01 3.958026e-03
9.705000e-01 3.925623e-03
9.753650e-01 3.893456e-03
9.802530e-01 3.861556e-03
9.851660e-01 3.829903e-03
9.901050e-01 3.798497e-03
9.950680e-01 3.767347e-03
1.000060e+00 3.736435e-03
1.005070e+00 3.705765e-03
1.010110e+00 3.675331e-03
1.015170e+00 3.645140e-03
1.020260e+00 3.615205e-03
1.025370e+00 3.585498e-03
1.030510e+00 3.556022e-03
1.035680e+00 3.526779e-03
1.040870e+00 3.497768e-03
1.046090e+00 3.468994e-03
1.051330e+00 3.440437e-03
1.056600e+00 3.412107e-03
1.061900e+00 3.384019e-03
1.067220e+00 3.356144e-03
1.072570e+00 3.328491e-03
1.077940e+00 3.301045e-03
1.083350e+00 3.273826e-03
1.088780e+00 3.246830e-03
1.094240e+00 3.220041e-03
1.099720e+00 3.193469e-03
1.105230e+00 3.167100e-03
1.110770e+00 3.140957e-03
1.116340e+00 3.115018e-03
1.121940e+00 3.089290e-03
1.127560e+00 3.063760e-03
1.133210e+00 3.038428e-03
1.138890e+00 3.013303e-03
1.144600e+00 2.988381e-03
1.150340e+00 2.963661e-03
1.156100e+00 2.939133e-03
1.161900e+00 2.914808e-03
1.167720e+00 2.890671e-03
1.173580e+00 2.866726e-03
1.179460e+00 2.842974e-03
1.185370e+00 2.819415e-03
1.191310e+00 2.796048e-03
1.197280e+00 2.772858e-03
1.203280e+00 2.749867e-03
1.209320e+00 2.727053e-03
1.215380e+00 2.704426e-03
1.221470e+00 2.681968e-03
1.227590e+00 2.659697e-03
1.233750e+00 2.637604e-03
1.239930e+00 2.615694e-03
1.246150e+00 2.593957e-03
1.252390e+00 2.572397e-03
1.258670e+00 2.551010e-03
1.264980e+00 2.529791e-03
1.271320e+00 2.508745e-03
1.277690e+00 2.487867e-03
1.284100e+00 2.467162e-03
1.290530e+00 2.446624e-03
1.297000e+00 2.426245e-03
1.303500e+00 2.406028e-03
1.310040e+00 2.385990e-03
1.316600e+00 2.366104e-03
1.323200e+00 2.346376e-03
1.329840e+00 2.326807e-03
1.336500e+00 2.307405e-03
1.343200e+00 2.288157e-03
1.349930e+00 2.269056e-03
1.356700e+00 2.250114e-03
1.363500e+00 2.231329e-03
1.370330e+00 2.212698e-03
1.377200e+00 2.194210e-03
1.384110e+00 2.175875e-03
1.391050e+00 2.157683e-03
1.398020e+00 2.139644e-03
1.405030e+00 2.121753e-03
1.412070e+00 2.104006e-03
1.419150e+00 2.086397e-03
1.426260e+00 2.068936e-03
1.433410e+00 2.051618e-03
1.440590e+00 2.034438e-03
1.447810e+00 2.017392e-03
1.455070e+00 2.000489e-03
1.462370e+00 1.983724e-03
1.469700e+00 1.967093e-03
1.477060e+00 1.950599e-03
1.484470e+00 1.934240e-03
1.491910e+00 1.918013e-03
1.499390e+00 1.901920e-03
1.506900e+00 1.885955e-03
1.514450e+00 1.870124e-03
1.522050e+00 1.854416e-03
1.529680e+00 1.838841e-03
1.537340e+00 1.823390e-03
1.545050e+00 1.808072e-03
1.552790e+00 1.792872e-03
1.560580e+00 1.777801e-03
1.568400e+00 1.762849e-03
1.576260e+00 1.748015e-03
1.584160e+00 1.733314e-03
1.592100e+00 1.718727e-03
1.600080e+00 1.704254e-03
1.608100e+00 1.689909e-03
1.616160e+00 1.675677e-03
1.624260e+00 1.661564e-03
1.632410e+00 1.647565e-03
1.640590e+00 1.633679e-03
1.648810e+00 1.619906e-03
1.657080e+00 1.606248e-03
1.665380e+00 1.592703e-03
1.673730e+00 1.579266e-03
1.682120e+00 1.565943e-03
1.690550e+00 1.552729e-03
1.699030e+00 1.539618e-03
1.707540e+00 1.526621e-03
1.716100e+00 1.513728e-03
1.724700e+00 1.500938e-03
1.733350e+00 1.488257e-03
1.742040e+00 1.475680e-03
1.750770e+00 1.463206e-03
1.759540e+00 1.450837e-03
1.768360e+00 1.438565e-03
1.777230e+00 1.426398e-03
1.786140e+00 1.414329e-03
1.795090e+00 1.402359e-03
1.804090e+00 1.390493e-03
1.813130e+00 1.378721e-03
1.822220e+00 1.367042e-03
1.831350e+00 1.355467e-03
1.840530e+00 1.343981e-03
1.849760e+00 1.332594e-03
1.859030e+00 1.321296e-03
1.868350e+00 1.310096e-03
1.877720e+00 1.298986e-03
1.887130e+00 1.287964e-03
1.896590e+00 1.277041e-03
1.906090e+00 1.266202e-03
1.915650e+00 1.255457e-03
1.925250e+00 1.244795e-03
1.934900e+00 1.234228e-03
1.944600e+00 1.223739e-03
1.954350e+00 1.213345e-03
1.964140e+00 1.203034e-03
1.973990e+00 1.192807e-03
1.983880e+00 1.182669e-03
1.993830e+00 1.172615e-03
2.003820e+00 1.162640e-03
2.013860e+00 1.152750e-03
2.023960e+00 1.142943e-03
2.034100e+00 1.133214e-03
2.044300e+00 1.123570e-03
2.054550e+00 1.114005e-03
2.064850e+00 1.104519e-03
2.075200e+00 1.095112e-03
2.085600e+00 1.085779e-03
2.096050e+00 1.076530e-03
2.106560e+00 1.067355e-03
2.117120e+00 1.058254e-03
2.127730e+00 1.049233e-03
2.138400e+00 1.040285e-03
2.149110e+00 1.031411e-03
2.159890e+00 1.022611e-03
2.170710e+00 1.013886e-03
2.181590e+00 1.005229e-03
2.192530e+00 9.966470e-04
2.203520e+00 9.881387e-04
2.214560e+00 9.796996e-04
2.225670e+00 9.713295e-04
2.236820e+00 9.630336e-04
2.248030e+00 9.548067e-04
2.259300e+00 9.466441e-04
2.270630e+00 9.385506e-04
2.282010e+00 9.305262e-04
2.293450e+00 9.225660e-04
2.304940e+00 9.146750e-04
2.316500e+00 9.068481e-04
2.328110e+00 8.990904e-04
2.339780e+00 8.913919e-04
2.351500e+00 8.837626e-04
2.363290e+00 8.761975e-04
2.375140e+00 8.686916e-04
2.387040e+00 8.612499e-04
2.399010e+00 8.538724e-04
2.411030e+00 8.465542e-04
2.423120e+00 8.392952e-04
2.435270e+00 8.321005e-04
2.447470e+00 8.249649e-04
2.459740e+00 8.178936e-04
2.472070e+00 8.108766e-04
2.484460e+00 8.039189e-04
2.496910e+00 7.970204e-04
2.509430e+00 7.901762e-04
2.522010e+00 7.833913e-04
2.534650e+00 7.766656e-04
2.547350e+00 7.699943e-04
2.560120e+00 7.633822e-04
2.572960e+00 7.568244e-04
2.585850e+00 7.503160e-04
2.598810e+00 7.438669e-04
2.611840e+00 7.374721e-04
2.624930e+00 7.311316e-04
2.638090e+00 7.248454e-04
2.651320e+00 7.186086e-04
2.664600e+00 7.124262e-04
2.677960e+00 7.062980e-04
2.691380e+00 7.002193e-04
2.704870e+00 6.941899e-04
2.718430e+00 6.882148e-04
2.732060e+00 6.822891e-04
2.745750e+00 6.764128e-04
2.759520e+00 6.705859e-04
2.773350e+00 6.648083e-04
2.787250e+00 6.590801e-04
2.801220e+00 6.533964e-04
2.815260e+00 6.477621e-04
2.829370e+00 6.421771e-04
2.843560e+00 6.366415e-04
2.857810e+00 6.311504e-04
2.872140e+00 6.257037e-04
2.886530e+00 6.203064e-04
2.901000e+00 6.149535e-04
2.915540e+00 6.096451e-04
2.930160e+00 6.043811e-04
2.944840e+00 5.991615e-04
2.959600e+00 5.939913e-04
2.974440e+00 5.888607e-04
2.989350e+00 5.837695e-04
3.004330e+00 5.787278e-04
3.019390e+00 5.737255e-04
3.034530e+00 5.687677e-04
3.049740e+00 5.638493e-04
3.065020e+00 5.589705e-04
3.080390e+00 5.541361e-04
3.095830e+00 5.493413e-04
3.111350e+00 5.445908e-04
3.126940e+00 5.398750e-04
3.142610e+00 5.352035e-04
3.158370e+00 5.305716e-04
3.174200e+00 5.259792e-04
3.190110e+00 5.214214e-04
3.206100e+00 5.169080e-04
3.222170e+00 5.124291e-04
3.238320e+00 5.079898e-04
3.254560e+00 5.035850e-04
3.270870e+00 4.992198e-04
3.287260e+00 4.948940e-04
3.303740e+00 4.906023e-04
3.320300e+00 4.863477e-04
3.336940e+00 4.821296e-04
3.353670e+00 4.779470e-04
3.370480e+00 4.738000e-04
3.387380e+00 4.696891e-04
3.404360e+00 4.656122e-04
3.421420e+00 4.615714e-04
3.438570e+00 4.575641e-04
3.455810e+00 4.535910e-04
3.473130e+00 4.496514e-04
3.490540e+00 4.457454e-04
3.508030e+00 4.418734e-04
3.525620e+00 4.380341e-04
3.543290e+00 4.342268e-04
3.561050e+00 4.304536e-04
3.578900e+00 4.267115e-04
3.596840e+00 4.230011e-04
3.614870e+00 4.193227e-04
3.632990e+00 4.156754e-04
3.651200e+00 4.120593e-04
3.669500e+00 4.084737e-04
3.687900e+00 4.049193e-04
3.706380e+00 4.013955e-04
3.724960e+00 3.979013e-04
3.743630e+00 3.944368e-04
3.762390e+00 3.910018e-04
3.781250e+00 3.875965e-04
3.800210e+00 3.842199e-04
3.819260e+00 3.808724e-04
3.838400e+00 3.775530e-04
3.857640e+00 3.742627e-04
3.876970e+00 3.710007e-04
3.896410e+00 3.677662e-04
3.915940e+00 3.645594e-04
3.935570e+00 3.613798e-04
3.955300e+00 3.582278e-04
3.975120e+00 3.551030e-04
3.995050e+00 3.520044e-04
4.015070e+00 3.489324e-04
4.035200e+00 3.458876e-04
4.055420e+00 3.428684e-04
4.075750e+00 3.398750e-04
4.096180e+00 3.369072e-04
4.116720e+00 3.339651e-04
4.137350e+00 3.310482e-04
4.158090e+00 3.281559e-04
4.178930e+00 3.252889e-04
4.199880e+00 3.224475e-04
4.220930e+00 3.196293e-04
4.242090e+00 3.168354e-04
4.263350e+00 3.140656e-04
4.284720e+00 3.113191e-04
4.306200e+00 3.085967e-04
4.327780e+00 3.058975e-04
4.349480e+00 3.032216e-04
4.371280e+00 3.005689e-04
4.393190e+00 2.979393e-04
4.415210e+00 2.953320e-04
4.437340e+00 2.927465e-04
4.459580e+00 2.901836e-04
4.481940e+00 2.876430e-04
4.504400e+00 2.851236e-04
4.526980e+00 2.826264e-04
4.549680e+00 2.801504e-04
4.572480e+00 2.776962e-04
4.595400e+00 2.752627e-04
4.618430e+00 2.728505e-04
4.641580e+00 2.704589e-04
4.664850e+00 2.680877e-04
4.688230e+00 2.657372e-04
4.711730e+00 2.634064e-04
4.735350e+00 2.610964e-04
4.759080e+00 2.588066e-04
4.782940e+00 2.565360e-04
4.806910e+00 2.542848e-04
4.831010e+00 2.520533e-04
4.855230e+00 2.498410e-04
4.879560e+00 2.476480e-04
4.904020e+00 2.454738e-04
4.928600e+00 2.433183e-04
4.953310e+00 2.411816e-04
4.978130e+00 2.390636e-04
5.003090e+00 2.369640e-04
5.028170e+00 2.348821e-04
5.053370e+00 2.328185e-04
5.078700e+00 2.307721e-04
5.104160e+00 2.287440e-04
5.129740e+00 2.267333e-04
5.155460e+00 2.247398e-04
5.181300e+00 2.227640e-04
5.207270e+00 2.208051e-04
5.233370e+00 2.188630e-04
5.259600e+00 2.169376e-04
5.285970e+00 2.150290e-04
5.312460e+00 2.131368e-04
5.339090e+00 2.112608e-04
5.365860e+00 2.094011e-04
5.392750e+00 2.075582e-04
5.419780e+00 2.057306e-04
5.446950e+00 2.039189e-04
5.474250e+00 2.021229e-04
5.501690e+00 2.003427e-04
5.529270e+00 1.985773e-04
5.556990e+00 1.968278e-04
5.584840e+00 1.950935e-04
5.612840e+00 1.933741e-04
5.640960e+00 1.916700e-04
5.669240e+00 1.899801e-04
5.697660e+00 1.883052e-04
5.726220e+00 1.866450e-04
5.754920e+00 1.849986e-04
5.783770e+00 1.833671e-04
5.812760e+00 1.817494e-04
5.841900e+00 1.801460e-04
5.871180e+00 1.785569e-04
5.900610e+00 1.769812e-04
5.930180e+00 1.754192e-04
5.959910e+00 1.738707e-04
5.989790e+00 1.723359e-04
6.019810e+00 1.708140e-04
6.049990e+00 1.693059e-04
6.080310e+00 1.678107e-04
6.110780e+00 1.663282e-04
6.141420e+00 1.648592e-04
6.172200e+00 1.634024e-04
6.203140e+00 1.619580e-04
6.234230e+00 1.605270e-04
6.265480e+00 1.591078e-04
6.296890e+00 1.577014e-04
6.328450e+00 1.563069e-04
6.360180e+00 1.549247e-04
6.392050e+00 1.535549e-04
6.424090e+00 1.521965e-04
6.456290e+00 1.508498e-04
6.488660e+00 1.495156e-04
6.521180e+00 1.481927e-04
6.553870e+00 1.468811e-04
6.586720e+00 1.455809e-04
6.619740e+00 1.442921e-04
6.652920e+00 1.430151e-04
6.686260e+00 1.417490e-04
6.719780e+00 1.404937e-04
6.753460e+00 1.392493e-04
6.787320e+00 1.380163e-04
6.821340e+00 1.367936e-04
6.855530e+00 1.355818e-04
6.889900e+00 1.343804e-04
6.924430e+00 1.331898e-04
6.959140e+00 1.320091e-04
6.994020e+00 1.308393e-04
7.029080e+00 1.296793e-04
7.064310e+00 1.285292e-04
7.099720e+00 1.273895e-04
7.135310e+00 1.262597e-04
7.171080e+00 1.251397e-04
7.207020e+00 1.240297e-04
7.243140e+00 1.229295e-04
7.279450e+00 1.218386e-04
7.315940e+00 1.207572e-04
7.352610e+00 1.196856e-04
7.389470e+00 1.186230e-04
7.426510e+00 1.175702e-04
7.463730e+00 1.165263e-04
7.501150e+00 1.154912e-04
7.538740e+00 1.144661e-04
7.576530e+00 1.134493e-04
7.614510e+00 1.124415e-04
7.652680e+00 1.114425e-04
7.691040e+00 1.104524e-04
7.729590e+00 1.094707e-04
7.768330e+00 1.084979e-04
7.807270e+00 1.075340e-04
7.846400e+00 1.065780e-04
7.885730e+00 1.056304e-04
7.925260e+00 1.046912e-04
7.964990e+00 1.037603e-04
8.004910e+00 1.028374e-04
8.045040e+00 1.019229e-04
8.085370e+00 1.010163e-04
8.125900e+00 1.001175e-04
8.166630e+00 9.922670e-05
8.207560e+00 9.834377e-05
8.248700e+00 9.746825e-05
8.290050e+00 9.660063e-05
8.331600e+00 9.574091e-05
8.373360e+00 9.488810e-05
8.415340e+00 9.404320e-05
8.457520e+00 9.320570e-05
8.499910e+00 9.237561e-05
8.542510e+00 9.155293e-05
8.585330e+00 9.073716e-05
8.628370e+00 8.992879e-05
8.671620e+00 8.912784e-05
8.715090e+00 8.833330e-05
8.758770e+00 8.754617e-05
8.802680e+00 8.676595e-05
8.846800e+00 8.599216e-05
8.891140e+00 8.522577e-05
8.935710e+00 8.446580e-05
8.980500e+00 8.371274e-05
9.025510e+00 8.296611e-05
9.070760e+00 8.222589e-05
9.116220e+00 8.149258e-05
9.161920e+00 8.076570e-05
9.207850e+00 8.004474e-05
9.254000e+00 7.933069e-05
9.300380e+00 7.862257e-05
9.347000e+00 7.792087e-05
9.393850e+00 7.722510e-05
9.440940e+00 7.653574e-05
9.488260e+00 7.585231e-05
9.535820e+00 7.517481e-05
9.583620e+00 7.450323e-05
9.631660e+00 7.383807e-05
9.679930e+00 7.317834e-05
9.728460e+00 7.252454e-05
9.777220e+00 7.187667e-05
9.826230e+00 7.123422e-05
9.875490e+00 7.059770e-05
9.924990e+00 6.996662e-05
9.974740e+00 6.934146e-05
1.002470e+01 6.872173e-05
1.007500e+01 6.810743e-05
1.012550e+01 6.749807e-05
1.017620e+01 6.689464e-05
1.022720e+01 6.629664e-05
1.027850e+01 6.570358e-05
1.033000e+01 6.511545e-05
1.038180e+01 6.453325e-05
1.043390e+01 6.395550e-05
1.048620e+01 6.338317e-05
1.053870e+01 6.281628e-05
1.059150e+01 6.225384e-05
1.064460e+01 6.169633e-05
1.069800e+01 6.114425e-05
1.075160e+01 6.059662e-05
1.080550e+01 6.005392e-05
1.085970e+01 5.951617e-05
1.091410e+01 5.898335e-05
1.096880e+01 5.845497e-05
1.102380e+01 5.793104e-05
1.107900e+01 5.741205e-05
1.113460e+01 5.689800e-05
1.119040e+01 5.638790e-05
1.124650e+01 5.588273e-05
1.130290e+01 5.538201e-05
1.135950e+01 5.488524e-05
1.141640e+01 5.439341e-05
1.147370e+01 5.390552e-05
1.153120e+01 5.342209e-05
1.158900e+01 5.294309e-05
1.164710e+01 5.246854e-05
1.170550e+01 5.199795e-05
1.176410e+01 5.153130e-05
1.182310e+01 5.106909e-05
1.188240e+01 5.061084e-05
1.194190e+01 5.015654e-05
1.200180e+01 4.970668e-05
1.206190e+01 4.926033e-05
1.212240e+01 4.881812e-05
1.218320e+01 4.837987e-05
1.224420e+01 4.794551e-05
1.230560e+01 4.751501e-05
1.236730e+01 4.708836e-05
1.242930e+01 4.666556e-05
1.249160e+01 4.624642e-05
1.255420e+01 4.583103e-05
1.261710e+01 4.541929e-05
1.268040e+01 4.501121e-05
1.274390e+01 4.460678e-05
1.280780e+01 4.420591e-05
1.287200e+01 4.380864e-05
1.293650e+01 4.341493e-05
1.300140e+01 4.302467e-05
1.306650e+01 4.263787e-05
1.313200e+01 4.225448e-05
1.319790e+01 4.187449e-05
1.326400e+01 4.149792e-05
1.333050e+01 4.112470e-05
1.339730e+01 4.075478e-05
1.346450e+01 4.038818e-05
1.353200e+01 4.002489e-05
1.359980e+01 3.966480e-05
1.366800e+01 3.930788e-05
1.373650e+01 3.895416e-05
1.380530e+01 3.860361e-05
1.387450e+01 3.825612e-05
1.394410e+01 3.791179e-05
1.401400e+01 3.757047e-05
1.408420e+01 3.723226e-05
1.415480e+01 3.689701e-05
1.422580e+01 3.656473e-05
1.429710e+01 3.623541e-05
1.436870e+01 3.590905e-05
1.444080e+01 3.558556e-05
1.451320e+01 3.526498e-05
1.458590e+01 3.494721e-05
1.465900e+01 3.463236e-05
1.473250e+01 3.432027e-05
1.480630e+01 3.401095e-05
1.488060e+01 3.370440e-05
1.495510e+01 3.340061e-05
1.503010e+01 3.309953e-05
1.510550e+01 3.280112e-05
1.518120e+01 3.250533e-05
1.525730e+01 3.221226e-05
1.533370e+01 3.192180e-05
1.541060e+01 3.163391e-05
1.548780e+01 3.134854e-05
1.556550e+01 3.106574e-05
1.564350e+01 3.078545e-05
1.572190e+01 3.050768e-05
1.580070e+01 3.023239e-05
1.587990e+01 2.995956e-05
1.595950e+01 2.968920e-05
1.603950e+01 2.942121e-05
1.611990e+01 2.915559e-05
1.620070e+01 2.889239e-05
1.628190e+01 2.863151e-05
1.636350e+01 2.837300e-05
1.644560e+01 2.811677e-05
1.652800e+01 2.786285e-05
1.661080e+01 2.761125e-05
1.669410e+01 2.736183e-05
1.677780e+01 2.711468e-05
1.686190e+01 2.686970e-05
1.694640e+01 2.662695e-05
1.703130e+01 2.638632e-05
1.711670e+01 2.614786e-05
1.720250e+01 2.591152e-05
1.728870e+01 2.567731e-05
1.737540e+01 2.544522e-05
1.746250e+01 2.521515e-05
1.755000e+01 2.498716e-05
1.763800e+01 2.476124e-05
1.772640e+01 2.453730e-05
1.781530e+01 2.431539e-05
1.790460e+01 2.409549e-05
1.799430e+01 2.387753e-05
1.808450e+01 2.366153e-05
1.817510e+01 2.344747e-05
1.826630e+01 2.323533e-05
1.835780e+01 2.302512e-05
1.844980e+01 2.281673e-05
1.854230e+01 2.261022e-05
1.863530e+01 2.240558e-05
1.872870e+01 2.220273e-05
1.882250e+01 2.200175e-05
1.891690e+01 2.180255e-05
1.901170e+01 2.160512e-05
1.910700e+01 2.140948e-05
1.920280e+01 2.121561e-05
1.929900e+01 2.102342e-05
1.939580e+01 2.083300e-05
1.949300e+01 2.064427e-05
1.959070e+01 2.045727e-05
1.968890e+01 2.027194e-05
1.978760e+01 2.008829e-05
1.988680e+01 1.990623e-05
1.998650e+01 1.972584e-05
2.008670e+01 1.954703e-05
2.018730e+01 1.936985e-05
2.028850e+01 1.919425e-05
2.039020e+01 1.902024e-05
2.049240e+01 1.884780e-05
2.059510e+01 1.867689e-05
2.069840e+01 1.850752e-05
2.080210e+01 1.833967e-05
2.090640e+01 1.817331e-05
2.101120e+01 1.800847e-05
2.111650e+01 1.784512e-05
2.122240e+01 1.768320e-05
2.132870e+01 1.752281e-05
2.143560e+01 1.736381e-05
2.154310e+01 1.720623e-05
2.165110e+01 1.705009e-05
2.175960e+01 1.689533e-05
2.186870e+01 1.674196e-05
2.197830e+01 1.658996e-05
2.208850e+01 1.643935e-05
2.219920e+01 1.629007e-05
2.231040e+01 1.614218e-05
2.242230e+01 1.599557e-05
2.253470e+01 1.585029e-05
2.264760e+01 1.570634e-05
2.276120e+01 1.556368e-05
2.287530e+01 1.542230e-05
2.298990e+01 1.528216e-05
2.310520e+01 1.514330e-05
2.322100e+01 1.500573e-05
2.333740e+01 1.486939e-05
2.345430e+01 1.473423e-05
2.357190e+01 1.460031e-05
2.369010e+01 1.446763e-05
2.380880e+01 1.433608e-05
2.392820e+01 1.420576e-05
2.404810e+01 1.407658e-05
2.416860e+01 1.394858e-05
2.428980e+01 1.382173e-05
2.441150e+01 1.369605e-05
2.453390e+01 1.357146e-05
2.465690e+01 1.344801e-05
2.478050e+01 1.332570e-05
2.490470e+01 1.320447e-05
2.502950e+01 1.308432e-05
2.515500e+01 1.296527e-05
2.528110e+01 1.284729e-05
2.540780e+01 1.273036e-05
2.553510e+01 1.261451e-05
2.566310e+01 1.249970e-05
2.579180e+01 1.238588e-05
2.592110e+01 1.227314e-05
2.605100e+01 1.216140e-05
2.618160e+01 1.205064e-05
2.631280e+01 1.194091e-05
2.644470e+01 1.183217e-05
2.657720e+01 1.172443e-05
2.671050e+01 1.161762e-05
2.684440e+01 1.151179e-05
2.697890e+01 1.140691e-05
2.711420e+01 1.130301e-05
2.725010e+01 1.120000e-05
2.738660e+01 1.109798e-05
2.752390e+01 1.099685e-05
2.766190e+01 1.089661e-05
2.780050e+01 1.079725e-05
2.793990e+01 1.069884e-05
2.807990e+01 1.060131e-05
2.822070e+01 1.050467e-05
2.836220e+01 1.040887e-05
2.850430e+01 1.031396e-05
2.864720e+01 1.021994e-05
2.879080e+01 1.012671e-05
2.893510e+01 1.003437e-05
2.908010e+01 9.942817e-06
2.922590e+01 9.852154e-06
2.937240e+01 9.762232e-06
2.951960e+01 9.673149e-06
2.966760e+01 9.584905e-06
2.981630e+01 9.497452e-06
2.996580e+01 9.410789e-06
3.011600e+01 9.324866e-06
3.026690e+01 9.239783e-06
3.041860e+01 9.155441e-06
3.057110e+01 9.071839e-06
3.072440e+01 8.989028e-06
3.087840e+01 8.906957e-06
3.103310e+01 8.825627e-06
3.118870e+01 8.745037e-06
3.134500e+01 8.665139e-06
3.150210e+01 8.585982e-06
3.166000e+01 8.507565e-06
3.181870e+01 8.429840e-06
3.197820e+01 8.352806e-06
3.213850e+01 8.276513e-06
3.229960e+01 8.200861e-06
3.246150e+01 8.125951e-06
3.262420e+01 8.051682e-06
3.278780e+01 7.978105e-06
3.295210e+01 7.905169e-06
3.311730e+01 7.832925e-06
3.328330e+01 7.761323e-06
3.345010e+01 7.690313e-06
3.361780e+01 7.619995e-06
3.378630e+01 7.550368e-06
3.395570e+01 7.481285e-06
3.412590e+01 7.412892e-06
3.429690e+01 7.345043e-06
3.446880e+01 7.277885e-06
3.464160e+01 7.211271e-06
3.481530e+01 7.145298e-06
3.498980e+01 7.079918e-06
3.516510e+01 7.015180e-06
3.534140e+01 6.950985e-06
3.551860e+01 6.887333e-06
3.569660e+01 6.824323e-06
3.587550e+01 6.761856e-06
3.605540e+01 6.699933e-06
3.623610e+01 6.638602e-06
3.641770e+01 6.577814e-06
3.660030e+01 6.517570e-06
3.678370e+01 6.457918e-06
3.696810e+01 6.398760e-06
3.715340e+01 6.340145e-06
3.733960e+01 6.282073e-06
3.752680e+01 6.224544e-06
3.771490e+01 6.167509e-06
3.790400e+01 6.111018e-06
3.809400e+01 6.055020e-06
3.828490e+01 5.999516e-06
3.847680e+01 5.944555e-06
3.866970e+01 5.890088e-06
3.886350e+01 5.836066e-06
3.905830e+01 5.782586e-06
3.925410e+01 5.729551e-06
3.945090e+01 5.677060e-06
3.964860e+01 5.625012e-06
3.984730e+01 5.573409e-06
4.004710e+01 5.522300e-06
4.024780e+01 5.471685e-06
4.044950e+01 5.421465e-06
4.065230e+01 5.371738e-06
4.085610e+01 5.322456e-06
4.106090e+01 5.273619e-06
4.126670e+01 5.225226e-06
4.147360e+01 5.177277e-06
4.168140e+01 5.129822e-06
4.189030e+01 5.082713e-06
4.210030e+01 5.036048e-06
4.231140e+01 4.989828e-06
4.252340e+01 4.944052e-06
4.273660e+01 4.898646e-06
4.295080e+01 4.853670e-06
4.316610e+01 4.809104e-06
4.338250e+01 4.764948e-06
4.359990e+01 4.721191e-06
4.381850e+01 4.677825e-06
4.403810e+01 4.634859e-06
4.425890e+01 4.592283e-06
4.448070e+01 4.550097e-06
4.470370e+01 4.508291e-06
4.492780e+01 4.466866e-06
4.515290e+01 4.425825e-06
4.537930e+01 4.385150e-06
4.560670e+01 4.344851e-06
4.583530e+01 4.304911e-06
4.606510e+01 4.265338e-06
4.629600e+01 4.226129e-06
4.652810e+01 4.187272e-06
4.676130e+01 4.148774e-06
4.699570e+01 4.110623e-06
4.723120e+01 4.072827e-06
4.746800e+01 4.035367e-06
4.770590e+01 3.998247e-06
4.794500e+01 3.961468e-06
4.818540e+01 3.925025e-06
4.842690e+01 3.888913e-06
4.866970e+01 3.853132e-06
4.891360e+01 3.817676e-06
4.915880e+01 3.782547e-06
4.940520e+01 3.747738e-06
4.965280e+01 3.713241e-06
4.990170e+01 3.679060e-06
5.015190e+01 3.645189e-06
5.040330e+01 3.611625e-06
5.065590e+01 3.578372e-06
5.090980e+01 3.545420e-06
5.116500e+01 3.512775e-06
5.142140e+01 3.480425e-06
5.167920e+01 3.448367e-06
5.193820e+01 3.416601e-06
5.219860e+01 3.385126e-06
5.246020e+01 3.353937e-06
5.272320e+01 3.323029e-06
5.298750e+01 3.292408e-06
5.325310e+01 3.262064e-06
5.352000e+01 3.232006e-06
5.378830e+01 3.202214e-06
5.405790e+01 3.172694e-06
5.432890e+01 3.143446e-06
5.460120e+01 3.114465e-06
5.487490e+01 3.085745e-06
5.515000e+01 3.057287e-06
5.542640e+01 3.029090e-06
5.570420e+01 3.001156e-06
5.598340e+01 2.973473e-06
5.626400e+01 2.946042e-06
5.654610e+01 2.918862e-06
5.682950e+01 2.891930e-06
5.711440e+01 2.865245e-06
5.740070e+01 2.838801e-06
5.768840e+01 2.812600e-06
5.797750e+01 2.786645e-06
5.826810e+01 2.760923e-06
5.856020e+01 2.735433e-06
5.885370e+01 2.710174e-06
5.914880e+01 2.685148e-06
5.944520e+01 2.660354e-06
5.974320e+01 2.635782e-06
6.004270e+01 2.611438e-06
6.034370e+01 2.587315e-06
6.064610e+01 2.563420e-06
6.095010e+01 2.539737e-06
6.125560e+01 2.516266e-06
6.156270e+01 2.493013e-06
6.187130e+01 2.469976e-06
6.218140e+01 2.447148e-06
6.249310e+01 2.424526e-06
6.280630e+01 2.402113e-06
6.312110e+01 2.379906e-06
6.343750e+01 2.357902e-06
6.375550e+01 2.336100e-06
6.407510e+01 2.314491e-06
6.439630e+01 2.293085e-06
6.471910e+01 2.271876e-06
6.504350e+01 2.250859e-06
6.536950e+01 2.230035e-06
6.569710e+01 2.209404e-06
6.602640e+01 2.188960e-06
6.635740e+01 2.168700e-06
6.669000e+01 2.148631e-06
6.702430e+01 2.128741e-06
6.736030e+01 2.109033e-06
6.769790e+01 2.089508e-06
6.803730e+01 2.070160e-06
6.837830e+01 2.050991e-06
6.872100e+01 2.031999e-06
6.906550e+01 2.013180e-06
6.941170e+01 1.994529e-06
6.975960e+01 1.976050e-06
7.010930e+01 1.957745e-06
7.046070e+01 1.939602e-06
7.081390e+01 1.921628e-06
7.116890e+01 1.903816e-06
7.152560e+01 1.886177e-06
7.188410e+01 1.868692e-06
7.224440e+01 1.851364e-06
7.260660e+01 1.834199e-06
7.297050e+01 1.817192e-06
7.333630e+01 1.800339e-06
7.370390e+01 1.783638e-06
7.407340e+01 1.767096e-06
7.444460e+01 1.750706e-06
7.481780e+01 1.734460e-06
7.519280e+01 1.718367e-06
7.556970e+01 1.702422e-06
7.594850e+01 1.686620e-06
7.632920e+01 1.670966e-06
7.671180e+01 1.655456e-06
7.709640e+01 1.640083e-06
7.748280e+01 1.624854e-06
7.787110e+01 1.609769e-06
7.826150e+01 1.594816e-06
7.865380e+01 1.580007e-06
7.904800e+01 1.565326e-06
7.944430e+01 1.550783e-06
7.984250e+01 1.536374e-06
8.024270e+01 1.522098e-06
8.064490e+01 1.507950e-06
8.104910e+01 1.493936e-06
8.145540e+01 1.480050e-06
8.186370e+01 1.466288e-06
8.227400e+01 1.452654e-06
8.268640e+01 1.439148e-06
8.310090e+01 1.425761e-06
8.351750e+01 1.412497e-06
8.393610e+01 1.399362e-06
8.435680e+01 1.386340e-06
8.477960e+01 1.373442e-06
8.520460e+01 1.360662e-06
8.563170e+01 1.347996e-06
8.606090e+01 1.335448e-06
8.649220e+01 1.323019e-06
8.692590e+01 1.310699e-06
8.736150e+01 1.298497e-06
8.779950e+01 1.286399e-06
8.823950e+01 1.274419e-06
8.868190e+01 1.262548e-06
8.912640e+01 1.250785e-06
8.957320e+01 1.239126e-06
9.002210e+01 1.227581e-06
9.047330e+01 1.216145e-06
9.092690e+01 1.204807e-06
9.138260e+01 1.193578e-06
9.184080e+01 1.182442e-06
9.230100e+01 1.171420e-06
9.276380e+01 1.160492e-06
9.322870e+01 1.149668e-06
9.369590e+01 1.138948e-06
9.416570e+01 1.128316e-06
9.463760e+01 1.117793e-06
9.511210e+01 1.107359e-06
9.558880e+01 1.097023e-06
9.606800e+01 1.086782e-06
9.654950e+01 1.076634e-06
9.703350e+01 1.066580e-06
9.751980e+01 1.056620e-06
9.800850e+01 1.046754e-06
9.849990e+01 1.036971e-06
9.899360e+01 1.027283e-06
9.948990e+01 1.017683e-06
9.998850e+01 1.008173e-06
1.004900e+02 9.987457e-07
