0.7143E-04 0.100000E+01
0.7195E-04 0.999999E+00
0.7248E-04 0.999997E+00
0.7302E-04 0.999996E+00
0.7356E-04 0.999995E+00
0.7410E-04 0.999993E+00
0.7464E-04 0.999992E+00
0.7519E-04 0.999990E+00
0.7575E-04 0.999989E+00
0.7631E-04 0.999988E+00
0.7687E-04 0.999986E+00
0.7743E-04 0.999985E+00
0.7800E-04 0.999983E+00
0.7858E-04 0.999981E+00
0.7916E-04 0.999980E+00
0.7974E-04 0.999978E+00
0.8033E-04 0.999977E+00
0.8092E-04 0.999975E+00
0.8152E-04 0.999973E+00
0.8212E-04 0.999972E+00
0.8272E-04 0.999970E+00
0.8333E-04 0.999968E+00
0.8394E-04 0.999966E+00
0.8456E-04 0.999965E+00
0.8519E-04 0.999963E+00
0.8581E-04 0.999961E+00
0.8645E-04 0.999959E+00
0.8708E-04 0.999957E+00
0.8772E-04 0.999955E+00
0.8837E-04 0.999953E+00
0.8902E-04 0.999951E+00
0.8968E-04 0.999949E+00
0.9034E-04 0.999947E+00
0.9100E-04 0.999945E+00
0.9167E-04 0.999943E+00
0.9235E-04 0.999941E+00
0.9303E-04 0.999939E+00
0.9371E-04 0.999936E+00
0.9441E-04 0.999934E+00
0.9510E-04 0.999932E+00
0.9580E-04 0.999930E+00
0.9651E-04 0.999927E+00
0.9722E-04 0.999925E+00
0.9793E-04 0.999922E+00
0.9866E-04 0.999920E+00
0.9938E-04 0.999918E+00
0.1001E-03 0.999915E+00
0.1009E-03 0.999912E+00
0.1016E-03 0.999910E+00
0.1023E-03 0.999907E+00
0.1031E-03 0.999905E+00
0.1039E-03 0.999902E+00
0.1046E-03 0.999899E+00
0.1054E-03 0.999896E+00
0.1062E-03 0.999893E+00
0.1070E-03 0.999891E+00
0.1077E-03 0.999888E+00
0.1085E-03 0.999885E+00
0.1093E-03 0.999882E+00
0.1101E-03 0.999879E+00
0.1109E-03 0.999876E+00
0.1118E-03 0.999872E+00
0.1126E-03 0.999869E+00
0.1134E-03 0.999866E+00
0.1143E-03 0.999863E+00
0.1151E-03 0.999859E+00
0.1159E-03 0.999856E+00
0.1168E-03 0.999853E+00
0.1177E-03 0.999849E+00
0.1185E-03 0.999846E+00
0.1194E-03 0.999842E+00
0.1203E-03 0.999839E+00
0.1212E-03 0.999835E+00
0.1221E-03 0.999831E+00
0.1230E-03 0.999827E+00
0.1239E-03 0.999823E+00
0.1248E-03 0.999820E+00
0.1257E-03 0.999816E+00
0.1266E-03 0.999812E+00
0.1276E-03 0.999808E+00
0.1285E-03 0.999803E+00
0.1294E-03 0.999799E+00
0.1304E-03 0.999795E+00
0.1314E-03 0.999791E+00
0.1323E-03 0.999786E+00
0.1333E-03 0.999782E+00
0.1343E-03 0.999777E+00
0.1353E-03 0.999773E+00
0.1363E-03 0.999768E+00
0.1373E-03 0.999763E+00
0.1383E-03 0.999759E+00
0.1393E-03 0.999754E+00
0.1403E-03 0.999749E+00
0.1414E-03 0.999744E+00
0.1424E-03 0.999739E+00
0.1434E-03 0.999734E+00
0.1445E-03 0.999729E+00
0.1456E-03 0.999723E+00
0.1466E-03 0.999718E+00
0.1477E-03 0.999712E+00
0.1488E-03 0.999707E+00
0.1499E-03 0.999701E+00
0.1510E-03 0.999696E+00
0.1521E-03 0.999690E+00
0.1532E-03 0.999684E+00
0.1544E-03 0.999678E+00
0.1555E-03 0.999672E+00
0.1567E-03 0.999666E+00
0.1578E-03 0.999660E+00
0.1590E-03 0.999654E+00
0.1601E-03 0.999647E+00
0.1613E-03 0.999641E+00
0.1625E-03 0.999634E+00
0.1637E-03 0.999628E+00
0.1649E-03 0.999621E+00
0.1661E-03 0.999614E+00
0.1673E-03 0.999607E+00
0.1686E-03 0.999600E+00
0.1698E-03 0.999593E+00
0.1711E-03 0.999586E+00
0.1723E-03 0.999578E+00
0.1736E-03 0.999571E+00
0.1749E-03 0.999563E+00
0.1762E-03 0.999555E+00
0.1775E-03 0.999548E+00
0.1788E-03 0.999540E+00
0.1801E-03 0.999532E+00
0.1814E-03 0.999524E+00
0.1828E-03 0.999515E+00
0.1841E-03 0.999507E+00
0.1855E-03 0.999498E+00
0.1868E-03 0.999490E+00
0.1882E-03 0.999481E+00
0.1896E-03 0.999472E+00
0.1910E-03 0.999463E+00
0.1924E-03 0.999454E+00
0.1938E-03 0.999445E+00
0.1952E-03 0.999435E+00
0.1967E-03 0.999426E+00
0.1981E-03 0.999416E+00
0.1996E-03 0.999406E+00
0.2011E-03 0.999397E+00
0.2025E-03 0.999386E+00
0.2040E-03 0.999376E+00
0.2055E-03 0.999366E+00
0.2070E-03 0.999355E+00
0.2086E-03 0.999345E+00
0.2101E-03 0.999334E+00
0.2117E-03 0.999323E+00
0.2132E-03 0.999312E+00
0.2148E-03 0.999300E+00
0.2164E-03 0.999289E+00
0.2180E-03 0.999277E+00
0.2196E-03 0.999266E+00
0.2212E-03 0.999254E+00
0.2228E-03 0.999241E+00
0.2245E-03 0.999229E+00
0.2261E-03 0.999217E+00
0.2278E-03 0.999204E+00
0.2295E-03 0.999191E+00
0.2311E-03 0.999178E+00
0.2328E-03 0.999165E+00
0.2346E-03 0.999151E+00
0.2363E-03 0.999138E+00
0.2380E-03 0.999124E+00
0.2398E-03 0.999110E+00
0.2415E-03 0.999096E+00
0.2433E-03 0.999082E+00
0.2451E-03 0.999067E+00
0.2469E-03 0.999052E+00
0.2487E-03 0.999037E+00
0.2506E-03 0.999022E+00
0.2524E-03 0.999007E+00
0.2543E-03 0.998991E+00
0.2562E-03 0.998975E+00
0.2580E-03 0.998959E+00
0.2599E-03 0.998943E+00
0.2619E-03 0.998926E+00
0.2638E-03 0.998909E+00
0.2657E-03 0.998892E+00
0.2677E-03 0.998875E+00
0.2697E-03 0.998858E+00
0.2716E-03 0.998840E+00
0.2736E-03 0.998822E+00
0.2757E-03 0.998804E+00
0.2777E-03 0.998785E+00
0.2797E-03 0.998766E+00
0.2818E-03 0.998747E+00
0.2839E-03 0.998728E+00
0.2860E-03 0.998709E+00
0.2881E-03 0.998689E+00
0.2902E-03 0.998669E+00
0.2923E-03 0.998648E+00
0.2945E-03 0.998628E+00
0.2967E-03 0.998607E+00
0.2988E-03 0.998585E+00
0.3010E-03 0.998564E+00
0.3033E-03 0.998542E+00
0.3055E-03 0.998520E+00
0.3077E-03 0.998497E+00
0.3100E-03 0.998475E+00
0.3123E-03 0.998451E+00
0.3146E-03 0.998428E+00
0.3169E-03 0.998404E+00
0.3192E-03 0.998380E+00
0.3216E-03 0.998356E+00
0.3240E-03 0.998331E+00
0.3264E-03 0.998306E+00
0.3288E-03 0.998281E+00
0.3312E-03 0.998255E+00
0.3336E-03 0.998229E+00
0.3361E-03 0.998202E+00
0.3386E-03 0.998175E+00
0.3411E-03 0.998148E+00
0.3436E-03 0.998121E+00
0.3461E-03 0.998093E+00
0.3486E-03 0.998064E+00
0.3512E-03 0.998036E+00
0.3538E-03 0.998006E+00
0.3564E-03 0.997977E+00
0.3590E-03 0.997947E+00
0.3617E-03 0.997917E+00
0.3643E-03 0.997886E+00
0.3670E-03 0.997855E+00
0.3697E-03 0.997823E+00
0.3725E-03 0.997791E+00
0.3752E-03 0.997759E+00
0.3780E-03 0.997726E+00
0.3807E-03 0.997693E+00
0.3835E-03 0.997659E+00
0.3864E-03 0.997625E+00
0.3892E-03 0.997590E+00
0.3921E-03 0.997555E+00
0.3950E-03 0.997520E+00
0.3979E-03 0.997484E+00
0.4008E-03 0.997447E+00
0.4038E-03 0.997410E+00
0.4067E-03 0.997372E+00
0.4097E-03 0.997334E+00
0.4128E-03 0.997296E+00
0.4158E-03 0.997257E+00
0.4189E-03 0.997217E+00
0.4219E-03 0.997177E+00
0.4251E-03 0.997137E+00
0.4282E-03 0.997096E+00
0.4313E-03 0.997054E+00
0.4345E-03 0.997012E+00
0.4377E-03 0.996969E+00
0.4409E-03 0.996925E+00
0.4442E-03 0.996882E+00
0.4475E-03 0.996837E+00
0.4508E-03 0.996792E+00
0.4541E-03 0.996746E+00
0.4574E-03 0.996700E+00
0.4608E-03 0.996653E+00
0.4642E-03 0.996606E+00
0.4676E-03 0.996558E+00
0.4711E-03 0.996509E+00
0.4745E-03 0.996460E+00
0.4780E-03 0.996410E+00
0.4815E-03 0.996359E+00
0.4851E-03 0.996308E+00
0.4887E-03 0.996256E+00
0.4923E-03 0.996204E+00
0.4959E-03 0.996150E+00
0.4995E-03 0.996096E+00
0.5032E-03 0.996042E+00
0.5069E-03 0.995987E+00
0.5107E-03 0.995931E+00
0.5144E-03 0.995874E+00
0.5182E-03 0.995816E+00
0.5220E-03 0.995758E+00
0.5259E-03 0.995700E+00
0.5298E-03 0.995640E+00
0.5337E-03 0.995580E+00
0.5376E-03 0.995518E+00
0.5415E-03 0.995457E+00
0.5455E-03 0.995394E+00
0.5496E-03 0.995331E+00
0.5536E-03 0.995266E+00
0.5577E-03 0.995201E+00
0.5618E-03 0.995136E+00
0.5659E-03 0.995069E+00
0.5701E-03 0.995002E+00
0.5743E-03 0.994933E+00
0.5785E-03 0.994864E+00
0.5828E-03 0.994794E+00
0.5871E-03 0.994723E+00
0.5914E-03 0.994652E+00
0.5958E-03 0.994579E+00
0.6002E-03 0.994506E+00
0.6046E-03 0.994432E+00
0.6090E-03 0.994356E+00
0.6135E-03 0.994280E+00
0.6180E-03 0.994203E+00
0.6226E-03 0.994125E+00
0.6272E-03 0.994046E+00
0.6318E-03 0.993967E+00
0.6364E-03 0.993886E+00
0.6411E-03 0.993804E+00
0.6459E-03 0.993721E+00
0.6506E-03 0.993638E+00
0.6554E-03 0.993553E+00
0.6602E-03 0.993467E+00
0.6651E-03 0.993381E+00
0.6700E-03 0.993293E+00
0.6749E-03 0.993204E+00
0.6799E-03 0.993114E+00
0.6849E-03 0.993024E+00
0.6900E-03 0.992932E+00
0.6950E-03 0.992839E+00
0.7002E-03 0.992745E+00
0.7053E-03 0.992650E+00
0.7105E-03 0.992553E+00
0.7158E-03 0.992456E+00
0.7210E-03 0.992358E+00
0.7263E-03 0.992258E+00
0.7317E-03 0.992157E+00
0.7371E-03 0.992055E+00
0.7425E-03 0.991952E+00
0.7480E-03 0.991848E+00
0.7535E-03 0.991743E+00
0.7590E-03 0.991636E+00
0.7646E-03 0.991528E+00
0.7703E-03 0.991419E+00
0.7759E-03 0.991309E+00
0.7817E-03 0.991198E+00
0.7874E-03 0.991085E+00
0.7932E-03 0.990971E+00
0.7991E-03 0.990856E+00
0.8049E-03 0.990739E+00
0.8109E-03 0.990621E+00
0.8168E-03 0.990502E+00
0.8229E-03 0.990382E+00
0.8289E-03 0.990260E+00
0.8350E-03 0.990137E+00
0.8412E-03 0.990012E+00
0.8474E-03 0.989886E+00
0.8536E-03 0.989759E+00
0.8599E-03 0.989630E+00
0.8662E-03 0.989500E+00
0.8726E-03 0.989369E+00
0.8791E-03 0.989236E+00
0.8855E-03 0.989101E+00
0.8920E-03 0.988965E+00
0.8986E-03 0.988828E+00
0.9052E-03 0.988689E+00
0.9119E-03 0.988549E+00
0.9186E-03 0.988407E+00
0.9254E-03 0.988264E+00
0.9322E-03 0.988119E+00
0.9391E-03 0.987973E+00
0.9460E-03 0.987825E+00
0.9530E-03 0.987675E+00
0.9600E-03 0.987524E+00
0.9671E-03 0.987371E+00
0.9742E-03 0.987217E+00
0.9814E-03 0.987061E+00
0.9886E-03 0.986903E+00
0.9959E-03 0.986744E+00
0.1003E-02 0.986583E+00
0.1011E-02 0.986420E+00
0.1018E-02 0.986256E+00
0.1026E-02 0.986090E+00
0.1033E-02 0.985922E+00
0.1041E-02 0.985752E+00
0.1048E-02 0.985581E+00
0.1056E-02 0.985408E+00
0.1064E-02 0.985233E+00
0.1072E-02 0.985056E+00
0.1080E-02 0.984877E+00
0.1088E-02 0.984697E+00
0.1096E-02 0.984515E+00
0.1104E-02 0.984330E+00
0.1112E-02 0.984144E+00
0.1120E-02 0.983956E+00
0.1128E-02 0.983766E+00
0.1137E-02 0.983575E+00
0.1145E-02 0.983381E+00
0.1153E-02 0.983185E+00
0.1162E-02 0.982987E+00
0.1170E-02 0.982787E+00
0.1179E-02 0.982585E+00
0.1188E-02 0.982381E+00
0.1196E-02 0.982176E+00
0.1205E-02 0.981968E+00
0.1214E-02 0.981757E+00
0.1223E-02 0.981545E+00
0.1232E-02 0.981330E+00
0.1241E-02 0.981114E+00
0.1250E-02 0.980895E+00
0.1260E-02 0.980674E+00
0.1269E-02 0.980451E+00
0.1278E-02 0.980226E+00
0.1288E-02 0.979999E+00
0.1297E-02 0.979769E+00
0.1307E-02 0.979537E+00
0.1316E-02 0.979302E+00
0.1326E-02 0.979065E+00
0.1336E-02 0.978826E+00
0.1346E-02 0.978585E+00
0.1355E-02 0.978341E+00
0.1365E-02 0.978095E+00
0.1375E-02 0.977846E+00
0.1386E-02 0.977595E+00
0.1396E-02 0.977342E+00
0.1406E-02 0.977086E+00
0.1416E-02 0.976827E+00
0.1427E-02 0.976566E+00
0.1437E-02 0.976303E+00
0.1448E-02 0.976037E+00
0.1459E-02 0.975768E+00
0.1469E-02 0.975497E+00
0.1480E-02 0.975223E+00
0.1491E-02 0.974946E+00
0.1502E-02 0.974668E+00
0.1513E-02 0.974385E+00
0.1524E-02 0.974101E+00
0.1536E-02 0.973814E+00
0.1547E-02 0.973523E+00
0.1558E-02 0.973230E+00
0.1570E-02 0.972935E+00
0.1581E-02 0.972637E+00
0.1593E-02 0.972336E+00
0.1605E-02 0.972031E+00
0.1617E-02 0.971724E+00
0.1628E-02 0.971415E+00
0.1640E-02 0.971102E+00
0.1653E-02 0.970786E+00
0.1665E-02 0.970467E+00
0.1677E-02 0.970146E+00
0.1689E-02 0.969821E+00
0.1702E-02 0.969494E+00
0.1714E-02 0.969163E+00
0.1727E-02 0.968830E+00
0.1740E-02 0.968492E+00
0.1752E-02 0.968152E+00
0.1765E-02 0.967809E+00
0.1778E-02 0.967463E+00
0.1791E-02 0.967113E+00
0.1805E-02 0.966761E+00
0.1818E-02 0.966404E+00
0.1831E-02 0.966046E+00
0.1845E-02 0.965683E+00
0.1858E-02 0.965317E+00
0.1872E-02 0.964947E+00
0.1886E-02 0.964575E+00
0.1900E-02 0.964200E+00
0.1914E-02 0.963820E+00
0.1928E-02 0.963438E+00
0.1942E-02 0.963051E+00
0.1956E-02 0.962661E+00
0.1971E-02 0.962268E+00
0.1985E-02 0.961871E+00
0.2000E-02 0.961471E+00
0.2015E-02 0.961068E+00
0.2030E-02 0.960660E+00
0.2044E-02 0.960249E+00
0.2060E-02 0.959834E+00
0.2075E-02 0.959416E+00
0.2090E-02 0.958993E+00
0.2105E-02 0.958568E+00
0.2121E-02 0.958138E+00
0.2137E-02 0.957704E+00
0.2152E-02 0.957267E+00
0.2168E-02 0.956826E+00
0.2184E-02 0.956381E+00
0.2200E-02 0.955932E+00
0.2216E-02 0.955479E+00
0.2233E-02 0.955023E+00
0.2249E-02 0.954562E+00
0.2266E-02 0.954098E+00
0.2282E-02 0.953629E+00
0.2299E-02 0.953156E+00
0.2316E-02 0.952679E+00
0.2333E-02 0.952198E+00
0.2350E-02 0.951714E+00
0.2368E-02 0.951224E+00
0.2385E-02 0.950731E+00
0.2403E-02 0.950234E+00
0.2420E-02 0.949732E+00
0.2438E-02 0.949226E+00
0.2456E-02 0.948715E+00
0.2474E-02 0.948201E+00
0.2493E-02 0.947682E+00
0.2511E-02 0.947158E+00
0.2529E-02 0.946631E+00
0.2548E-02 0.946099E+00
0.2567E-02 0.945562E+00
0.2586E-02 0.945021E+00
0.2605E-02 0.944475E+00
0.2624E-02 0.943925E+00
0.2643E-02 0.943370E+00
0.2663E-02 0.942811E+00
0.2682E-02 0.942248E+00
0.2702E-02 0.941679E+00
0.2722E-02 0.941106E+00
0.2742E-02 0.940528E+00
0.2762E-02 0.939946E+00
0.2783E-02 0.939358E+00
0.2803E-02 0.938766E+00
0.2824E-02 0.938169E+00
0.2845E-02 0.937568E+00
0.2866E-02 0.936961E+00
0.2887E-02 0.936350E+00
0.2908E-02 0.935733E+00
0.2929E-02 0.935112E+00
0.2951E-02 0.934486E+00
0.2973E-02 0.933855E+00
0.2995E-02 0.933218E+00
0.3017E-02 0.932577E+00
0.3039E-02 0.931931E+00
0.3061E-02 0.931279E+00
0.3084E-02 0.930622E+00
0.3107E-02 0.929960E+00
0.3129E-02 0.929293E+00
0.3152E-02 0.928621E+00
0.3176E-02 0.927944E+00
0.3199E-02 0.927261E+00
0.3223E-02 0.926573E+00
0.3246E-02 0.925879E+00
0.3270E-02 0.925181E+00
0.3294E-02 0.924476E+00
0.3319E-02 0.923767E+00
0.3343E-02 0.923052E+00
0.3368E-02 0.922331E+00
0.3393E-02 0.921605E+00
0.3418E-02 0.920874E+00
0.3443E-02 0.920137E+00
0.3468E-02 0.919394E+00
0.3494E-02 0.918646E+00
0.3519E-02 0.917892E+00
0.3545E-02 0.917132E+00
0.3571E-02 0.916367E+00
0.3598E-02 0.915596E+00
0.3624E-02 0.914819E+00
0.3651E-02 0.914037E+00
0.3678E-02 0.913248E+00
0.3705E-02 0.912454E+00
0.3732E-02 0.911654E+00
0.3760E-02 0.910848E+00
0.3787E-02 0.910036E+00
0.3815E-02 0.909218E+00
0.3843E-02 0.908394E+00
0.3872E-02 0.907564E+00
0.3900E-02 0.906729E+00
0.3929E-02 0.905887E+00
0.3958E-02 0.905038E+00
0.3987E-02 0.904184E+00
0.4016E-02 0.903324E+00
0.4046E-02 0.902457E+00
0.4076E-02 0.901585E+00
0.4106E-02 0.900706E+00
0.4136E-02 0.899821E+00
0.4167E-02 0.898929E+00
0.4197E-02 0.898031E+00
0.4228E-02 0.897127E+00
0.4259E-02 0.896217E+00
0.4291E-02 0.895299E+00
0.4322E-02 0.894376E+00
0.4354E-02 0.893446E+00
0.4386E-02 0.892510E+00
0.4419E-02 0.891567E+00
0.4451E-02 0.890618E+00
0.4484E-02 0.889662E+00
0.4517E-02 0.888699E+00
0.4550E-02 0.887730E+00
0.4584E-02 0.886754E+00
0.4617E-02 0.885772E+00
0.4651E-02 0.884783E+00
0.4686E-02 0.883786E+00
0.4720E-02 0.882784E+00
0.4755E-02 0.881774E+00
0.4790E-02 0.880758E+00
0.4825E-02 0.879735E+00
0.4861E-02 0.878705E+00
0.4897E-02 0.877668E+00
0.4933E-02 0.876624E+00
0.4969E-02 0.875574E+00
0.5006E-02 0.874516E+00
0.5043E-02 0.873451E+00
0.5080E-02 0.872380E+00
0.5117E-02 0.871301E+00
0.5155E-02 0.870215E+00
0.5193E-02 0.869122E+00
0.5231E-02 0.868022E+00
0.5270E-02 0.866915E+00
0.5308E-02 0.865800E+00
0.5348E-02 0.864679E+00
0.5387E-02 0.863550E+00
0.5427E-02 0.862414E+00
0.5467E-02 0.861270E+00
0.5507E-02 0.860119E+00
0.5547E-02 0.858961E+00
0.5588E-02 0.857795E+00
0.5629E-02 0.856622E+00
0.5671E-02 0.855442E+00
0.5713E-02 0.854254E+00
0.5755E-02 0.853058E+00
0.5797E-02 0.851855E+00
0.5840E-02 0.850645E+00
0.5883E-02 0.849427E+00
0.5926E-02 0.848202E+00
0.5970E-02 0.846968E+00
0.6014E-02 0.845728E+00
0.6058E-02 0.844479E+00
0.6103E-02 0.843223E+00
0.6148E-02 0.841959E+00
0.6193E-02 0.840687E+00
0.6239E-02 0.839408E+00
0.6285E-02 0.838121E+00
0.6331E-02 0.836826E+00
0.6378E-02 0.835523E+00
0.6425E-02 0.834211E+00
0.6472E-02 0.832892E+00
0.6520E-02 0.831566E+00
0.6568E-02 0.830231E+00
0.6616E-02 0.828889E+00
0.6665E-02 0.827539E+00
0.6714E-02 0.826180E+00
0.6763E-02 0.824814E+00
0.6813E-02 0.823439E+00
0.6863E-02 0.822057E+00
0.6914E-02 0.820666E+00
0.6965E-02 0.819268E+00
0.7016E-02 0.817861E+00
0.7068E-02 0.816446E+00
0.7120E-02 0.815023E+00
0.7172E-02 0.813591E+00
0.7225E-02 0.812151E+00
0.7278E-02 0.810703E+00
0.7332E-02 0.809247E+00
0.7386E-02 0.807782E+00
0.7440E-02 0.806310E+00
0.7495E-02 0.804828E+00
0.7550E-02 0.803338E+00
0.7606E-02 0.801840E+00
0.7662E-02 0.800334E+00
0.7718E-02 0.798819E+00
0.7775E-02 0.797295E+00
0.7833E-02 0.795763E+00
0.7890E-02 0.794223E+00
0.7948E-02 0.792673E+00
0.8007E-02 0.791115E+00
0.8066E-02 0.789549E+00
0.8125E-02 0.787974E+00
0.8185E-02 0.786389E+00
0.8246E-02 0.784797E+00
0.8306E-02 0.783195E+00
0.8367E-02 0.781585E+00
0.8429E-02 0.779967E+00
0.8491E-02 0.778340E+00
0.8554E-02 0.776704E+00
0.8617E-02 0.775059E+00
0.8680E-02 0.773405E+00
0.8744E-02 0.771742E+00
0.8809E-02 0.770071E+00
0.8873E-02 0.768390E+00
0.8939E-02 0.766701E+00
0.9005E-02 0.765002E+00
0.9071E-02 0.763295E+00
0.9138E-02 0.761579E+00
0.9205E-02 0.759854E+00
0.9273E-02 0.758119E+00
0.9341E-02 0.756375E+00
0.9410E-02 0.754623E+00
0.9479E-02 0.752861E+00
0.9549E-02 0.751091E+00
0.9620E-02 0.749310E+00
0.9690E-02 0.747521E+00
0.9762E-02 0.745723E+00
0.9834E-02 0.743916E+00
0.9906E-02 0.742099E+00
0.9979E-02 0.740273E+00
0.1005E-01 0.738435E+00
0.1013E-01 0.736591E+00
0.1020E-01 0.734737E+00
0.1028E-01 0.732873E+00
0.1035E-01 0.731001E+00
0.1043E-01 0.729119E+00
0.1051E-01 0.727227E+00
0.1058E-01 0.725326E+00
0.1066E-01 0.723416E+00
0.1074E-01 0.721496E+00
0.1082E-01 0.719567E+00
0.1090E-01 0.717628E+00
0.1098E-01 0.715679E+00
0.1106E-01 0.713722E+00
0.1114E-01 0.711754E+00
0.1122E-01 0.709777E+00
0.1131E-01 0.707791E+00
0.1139E-01 0.705795E+00
0.1147E-01 0.703789E+00
0.1156E-01 0.701774E+00
0.1164E-01 0.699749E+00
0.1173E-01 0.697714E+00
0.1181E-01 0.695670E+00
0.1190E-01 0.693616E+00
0.1199E-01 0.691552E+00
0.1208E-01 0.689479E+00
0.1217E-01 0.687396E+00
0.1226E-01 0.685301E+00
0.1235E-01 0.683198E+00
0.1244E-01 0.681086E+00
0.1253E-01 0.678964E+00
0.1262E-01 0.676832E+00
0.1271E-01 0.674690E+00
0.1281E-01 0.672538E+00
0.1290E-01 0.670377E+00
0.1300E-01 0.668206E+00
0.1309E-01 0.666026E+00
0.1319E-01 0.663835E+00
0.1329E-01 0.661634E+00
0.1338E-01 0.659424E+00
0.1348E-01 0.657204E+00
0.1358E-01 0.654974E+00
0.1368E-01 0.652735E+00
0.1378E-01 0.650485E+00
0.1388E-01 0.648226E+00
0.1399E-01 0.645957E+00
0.1409E-01 0.643678E+00
0.1419E-01 0.641389E+00
0.1430E-01 0.639090E+00
0.1440E-01 0.636782E+00
0.1451E-01 0.634464E+00
0.1462E-01 0.632136E+00
0.1472E-01 0.629799E+00
0.1483E-01 0.627452E+00
0.1494E-01 0.625093E+00
0.1505E-01 0.622726E+00
0.1516E-01 0.620350E+00
0.1527E-01 0.617963E+00
0.1539E-01 0.615568E+00
0.1550E-01 0.613163E+00
0.1561E-01 0.610748E+00
0.1573E-01 0.608324E+00
0.1585E-01 0.605890E+00
0.1596E-01 0.603446E+00
0.1608E-01 0.600994E+00
0.1620E-01 0.598531E+00
0.1632E-01 0.596060E+00
0.1644E-01 0.593579E+00
0.1656E-01 0.591089E+00
0.1668E-01 0.588589E+00
0.1680E-01 0.586081E+00
0.1693E-01 0.583563E+00
0.1705E-01 0.581036E+00
0.1718E-01 0.578500E+00
0.1730E-01 0.575955E+00
0.1743E-01 0.573401E+00
0.1756E-01 0.570838E+00
0.1769E-01 0.568267E+00
0.1782E-01 0.565687E+00
0.1795E-01 0.563098E+00
0.1808E-01 0.560498E+00
0.1822E-01 0.557892E+00
0.1835E-01 0.555278E+00
0.1849E-01 0.552655E+00
0.1862E-01 0.550024E+00
0.1876E-01 0.547385E+00
0.1890E-01 0.544738E+00
0.1904E-01 0.542083E+00
0.1918E-01 0.539420E+00
0.1932E-01 0.536750E+00
0.1946E-01 0.534071E+00
0.1960E-01 0.531386E+00
0.1975E-01 0.528693E+00
0.1989E-01 0.525992E+00
0.2004E-01 0.523285E+00
0.2019E-01 0.520570E+00
0.2034E-01 0.517849E+00
0.2049E-01 0.515121E+00
0.2064E-01 0.512386E+00
0.2079E-01 0.509645E+00
0.2094E-01 0.506898E+00
0.2110E-01 0.504144E+00
0.2125E-01 0.501385E+00
0.2141E-01 0.498620E+00
0.2157E-01 0.495849E+00
0.2173E-01 0.493071E+00
0.2189E-01 0.490290E+00
0.2205E-01 0.487503E+00
0.2221E-01 0.484712E+00
0.2237E-01 0.481916E+00
0.2254E-01 0.479116E+00
0.2270E-01 0.476311E+00
0.2287E-01 0.473503E+00
0.2304E-01 0.470691E+00
0.2321E-01 0.467875E+00
0.2338E-01 0.465056E+00
0.2355E-01 0.462234E+00
0.2373E-01 0.459409E+00
0.2390E-01 0.456581E+00
0.2408E-01 0.453752E+00
0.2425E-01 0.450920E+00
0.2443E-01 0.448086E+00
0.2461E-01 0.445251E+00
0.2479E-01 0.442415E+00
0.2498E-01 0.439578E+00
0.2516E-01 0.436740E+00
0.2535E-01 0.433902E+00
0.2553E-01 0.431064E+00
0.2572E-01 0.428226E+00
0.2591E-01 0.425389E+00
0.2610E-01 0.422553E+00
0.2629E-01 0.419716E+00
0.2649E-01 0.416883E+00
0.2668E-01 0.414051E+00
0.2688E-01 0.411222E+00
0.2708E-01 0.408396E+00
0.2728E-01 0.405573E+00
0.2748E-01 0.402753E+00
0.2768E-01 0.399937E+00
0.2788E-01 0.397125E+00
0.2809E-01 0.394318E+00
0.2830E-01 0.391515E+00
0.2850E-01 0.388718E+00
0.2871E-01 0.385927E+00
0.2893E-01 0.383142E+00
0.2914E-01 0.380363E+00
0.2935E-01 0.377591E+00
0.2957E-01 0.374827E+00
0.2979E-01 0.372070E+00
0.3001E-01 0.369322E+00
0.3023E-01 0.366582E+00
0.3045E-01 0.363851E+00
0.3068E-01 0.361130E+00
0.3090E-01 0.358419E+00
0.3113E-01 0.355718E+00
0.3136E-01 0.353026E+00
0.3159E-01 0.350347E+00
0.3182E-01 0.347680E+00
0.3206E-01 0.345025E+00
0.3229E-01 0.342383E+00
0.3253E-01 0.339754E+00
0.3277E-01 0.337138E+00
0.3301E-01 0.334536E+00
0.3325E-01 0.331948E+00
0.3350E-01 0.329376E+00
0.3375E-01 0.326818E+00
0.3400E-01 0.324276E+00
0.3425E-01 0.321751E+00
0.3450E-01 0.319241E+00
0.3475E-01 0.316749E+00
0.3501E-01 0.314275E+00
0.3527E-01 0.311818E+00
0.3553E-01 0.309379E+00
0.3579E-01 0.306959E+00
0.3605E-01 0.304558E+00
0.3632E-01 0.302176E+00
0.3658E-01 0.299815E+00
0.3685E-01 0.297473E+00
0.3713E-01 0.295152E+00
0.3740E-01 0.292851E+00
0.3767E-01 0.290572E+00
0.3795E-01 0.288315E+00
0.3823E-01 0.286079E+00
0.3851E-01 0.283866E+00
0.3880E-01 0.281676E+00
0.3908E-01 0.279507E+00
0.3937E-01 0.277363E+00
0.3966E-01 0.275241E+00
0.3995E-01 0.273143E+00
0.4025E-01 0.271068E+00
0.4054E-01 0.269017E+00
0.4084E-01 0.266991E+00
0.4114E-01 0.264988E+00
0.4145E-01 0.263010E+00
0.4175E-01 0.261057E+00
0.4206E-01 0.259128E+00
0.4237E-01 0.257223E+00
0.4268E-01 0.255343E+00
0.4300E-01 0.253488E+00
0.4331E-01 0.251657E+00
0.4363E-01 0.249852E+00
0.4395E-01 0.248070E+00
0.4428E-01 0.246313E+00
0.4460E-01 0.244580E+00
0.4493E-01 0.242872E+00
0.4526E-01 0.241187E+00
0.4560E-01 0.239526E+00
0.4593E-01 0.237889E+00
0.4627E-01 0.236276E+00
0.4661E-01 0.234685E+00
0.4695E-01 0.233117E+00
0.4730E-01 0.231571E+00
0.4765E-01 0.230048E+00
0.4800E-01 0.228546E+00
0.4835E-01 0.227065E+00
0.4871E-01 0.225604E+00
0.4907E-01 0.224164E+00
0.4943E-01 0.222744E+00
0.4979E-01 0.221342E+00
0.5016E-01 0.219959E+00
0.5053E-01 0.218594E+00
0.5090E-01 0.217246E+00
0.5128E-01 0.215914E+00
0.5165E-01 0.214599E+00
0.5204E-01 0.213298E+00
0.5242E-01 0.212012E+00
0.5280E-01 0.210739E+00
0.5319E-01 0.209479E+00
0.5359E-01 0.208231E+00
0.5398E-01 0.206994E+00
0.5438E-01 0.205767E+00
0.5478E-01 0.204550E+00
0.5518E-01 0.203341E+00
0.5559E-01 0.202140E+00
0.5600E-01 0.200945E+00
0.5641E-01 0.199756E+00
0.5683E-01 0.198572E+00
0.5724E-01 0.197391E+00
0.5767E-01 0.196214E+00
0.5809E-01 0.195038E+00
0.5852E-01 0.193863E+00
0.5895E-01 0.192689E+00
0.5938E-01 0.191514E+00
0.5982E-01 0.190336E+00
0.6026E-01 0.189157E+00
0.6071E-01 0.187973E+00
0.6115E-01 0.186785E+00
0.6160E-01 0.185592E+00
0.6206E-01 0.184393E+00
0.6252E-01 0.183187E+00
0.6298E-01 0.181974E+00
0.6344E-01 0.180752E+00
0.6391E-01 0.179521E+00
0.6438E-01 0.178280E+00
0.6485E-01 0.177029E+00
0.6533E-01 0.175768E+00
0.6581E-01 0.174495E+00
0.6630E-01 0.173210E+00
0.6678E-01 0.171914E+00
0.6728E-01 0.170605E+00
0.6777E-01 0.169283E+00
0.6827E-01 0.167948E+00
0.6877E-01 0.166601E+00
0.6928E-01 0.165240E+00
0.6979E-01 0.163867E+00
0.7031E-01 0.162481E+00
0.7082E-01 0.161082E+00
0.7134E-01 0.159671E+00
0.7187E-01 0.158247E+00
0.7240E-01 0.156812E+00
0.7293E-01 0.155366E+00
0.7347E-01 0.153909E+00
0.7401E-01 0.152442E+00
0.7456E-01 0.150966E+00
0.7511E-01 0.149481E+00
0.7566E-01 0.147989E+00
0.7622E-01 0.146490E+00
0.7678E-01 0.144986E+00
0.7734E-01 0.143478E+00
0.7791E-01 0.141966E+00
0.7849E-01 0.140452E+00
0.7907E-01 0.138938E+00
0.7965E-01 0.137424E+00
0.8023E-01 0.135912E+00
0.8083E-01 0.134404E+00
0.8142E-01 0.132901E+00
0.8202E-01 0.131404E+00
0.8263E-01 0.129916E+00
0.8323E-01 0.128437E+00
0.8385E-01 0.126969E+00
0.8446E-01 0.125514E+00
0.8509E-01 0.124074E+00
0.8571E-01 0.122649E+00
0.8635E-01 0.121242E+00
0.8698E-01 0.119854E+00
0.8762E-01 0.118486E+00
0.8827E-01 0.117141E+00
0.8892E-01 0.115818E+00
0.8957E-01 0.114520E+00
0.9023E-01 0.113248E+00
0.9090E-01 0.112003E+00
0.9157E-01 0.110786E+00
0.9224E-01 0.109598E+00
0.9292E-01 0.108439E+00
0.9361E-01 0.107311E+00
0.9430E-01 0.106214E+00
0.9499E-01 0.105149E+00
0.9569E-01 0.104115E+00
0.9639E-01 0.103114E+00
0.9710E-01 0.102144E+00
0.9782E-01 0.101206E+00
0.9854E-01 0.100300E+00
0.9927E-01 0.994246E-01
0.1000E+00 0.985800E-01
0.1007E+00 0.977650E-01
0.1015E+00 0.969789E-01
0.1022E+00 0.962205E-01
0.1030E+00 0.954885E-01
0.1037E+00 0.947817E-01
0.1045E+00 0.940984E-01
0.1053E+00 0.934371E-01
0.1060E+00 0.927958E-01
0.1068E+00 0.921729E-01
0.1076E+00 0.915662E-01
0.1084E+00 0.909738E-01
0.1092E+00 0.903934E-01
0.1100E+00 0.898228E-01
0.1108E+00 0.892599E-01
0.1116E+00 0.887022E-01
0.1125E+00 0.881477E-01
0.1133E+00 0.875939E-01
0.1141E+00 0.870388E-01
0.1150E+00 0.864800E-01
0.1158E+00 0.859155E-01
0.1167E+00 0.853433E-01
0.1175E+00 0.847615E-01
0.1184E+00 0.841682E-01
0.1193E+00 0.835620E-01
0.1201E+00 0.829412E-01
0.1210E+00 0.823046E-01
0.1219E+00 0.816512E-01
0.1228E+00 0.809801E-01
0.1237E+00 0.802906E-01
0.1246E+00 0.795823E-01
0.1255E+00 0.788551E-01
0.1265E+00 0.781090E-01
0.1274E+00 0.773443E-01
0.1283E+00 0.765617E-01
0.1293E+00 0.757620E-01
0.1302E+00 0.749462E-01
0.1312E+00 0.741157E-01
0.1322E+00 0.732720E-01
0.1331E+00 0.724169E-01
0.1341E+00 0.715522E-01
0.1351E+00 0.706802E-01
0.1361E+00 0.698031E-01
0.1371E+00 0.689233E-01
0.1381E+00 0.680433E-01
0.1391E+00 0.671658E-01
0.1402E+00 0.662932E-01
0.1412E+00 0.654283E-01
0.1422E+00 0.645737E-01
0.1433E+00 0.637319E-01
0.1443E+00 0.629053E-01
0.1454E+00 0.620964E-01
0.1465E+00 0.613073E-01
0.1475E+00 0.605400E-01
0.1486E+00 0.597962E-01
0.1497E+00 0.590775E-01
0.1508E+00 0.583851E-01
0.1519E+00 0.577200E-01
0.1531E+00 0.570828E-01
0.1542E+00 0.564738E-01
0.1553E+00 0.558931E-01
0.1565E+00 0.553402E-01
0.1576E+00 0.548140E-01
0.1588E+00 0.543144E-01
0.1600E+00 0.538396E-01
0.1611E+00 0.533879E-01
0.1623E+00 0.529574E-01
0.1635E+00 0.525460E-01
0.1647E+00 0.521513E-01
0.1659E+00 0.517706E-01
0.1672E+00 0.514012E-01
0.1684E+00 0.510404E-01
0.1696E+00 0.506853E-01
0.1709E+00 0.503329E-01
0.1721E+00 0.499805E-01
0.1734E+00 0.496254E-01
0.1747E+00 0.492650E-01
0.1760E+00 0.488969E-01
0.1773E+00 0.485190E-01
0.1786E+00 0.481295E-01
0.1799E+00 0.477267E-01
0.1812E+00 0.473096E-01
0.1825E+00 0.468773E-01
0.1839E+00 0.464294E-01
0.1852E+00 0.459659E-01
0.1866E+00 0.454871E-01
0.1880E+00 0.449940E-01
0.1894E+00 0.444875E-01
0.1908E+00 0.439693E-01
0.1922E+00 0.434412E-01
0.1936E+00 0.429053E-01
0.1950E+00 0.423639E-01
0.1964E+00 0.418197E-01
0.1979E+00 0.412752E-01
0.1994E+00 0.407333E-01
0.2008E+00 0.401965E-01
0.2023E+00 0.396677E-01
0.2038E+00 0.391492E-01
0.2053E+00 0.386435E-01
0.2068E+00 0.381526E-01
0.2083E+00 0.376783E-01
0.2099E+00 0.372221E-01
0.2114E+00 0.367849E-01
0.2130E+00 0.363672E-01
0.2145E+00 0.359695E-01
0.2161E+00 0.355916E-01
0.2177E+00 0.352326E-01
0.2193E+00 0.348915E-01
0.2209E+00 0.345669E-01
0.2226E+00 0.342569E-01
0.2242E+00 0.339596E-01
0.2258E+00 0.336726E-01
0.2275E+00 0.333934E-01
0.2292E+00 0.331197E-01
0.2309E+00 0.328487E-01
0.2326E+00 0.325781E-01
0.2343E+00 0.323056E-01
0.2360E+00 0.320290E-01
0.2378E+00 0.317466E-01
0.2395E+00 0.314568E-01
0.2413E+00 0.311586E-01
0.2430E+00 0.308513E-01
0.2448E+00 0.305346E-01
0.2466E+00 0.302087E-01
0.2485E+00 0.298742E-01
0.2503E+00 0.295321E-01
0.2521E+00 0.291838E-01
0.2540E+00 0.288308E-01
0.2559E+00 0.284751E-01
0.2577E+00 0.281187E-01
0.2596E+00 0.277637E-01
0.2616E+00 0.274122E-01
0.2635E+00 0.270663E-01
0.2654E+00 0.267279E-01
0.2674E+00 0.263985E-01
0.2693E+00 0.260794E-01
0.2713E+00 0.257717E-01
0.2733E+00 0.254760E-01
0.2753E+00 0.251924E-01
0.2774E+00 0.249208E-01
0.2794E+00 0.246605E-01
0.2815E+00 0.244106E-01
0.2835E+00 0.241698E-01
0.2856E+00 0.239366E-01
0.2877E+00 0.237094E-01
0.2899E+00 0.234863E-01
0.2920E+00 0.232657E-01
0.2941E+00 0.230458E-01
0.2963E+00 0.228249E-01
0.2985E+00 0.226020E-01
0.3007E+00 0.223758E-01
0.3029E+00 0.221457E-01
0.3051E+00 0.219113E-01
0.3074E+00 0.216727E-01
0.3097E+00 0.214301E-01
0.3119E+00 0.211843E-01
0.3142E+00 0.209361E-01
0.3165E+00 0.206868E-01
0.3189E+00 0.204377E-01
0.3212E+00 0.201900E-01
0.3236E+00 0.199452E-01
0.3260E+00 0.197044E-01
0.3284E+00 0.194689E-01
0.3308E+00 0.192393E-01
0.3332E+00 0.190164E-01
0.3357E+00 0.188004E-01
0.3382E+00 0.185914E-01
0.3407E+00 0.183889E-01
0.3432E+00 0.181924E-01
0.3457E+00 0.180012E-01
0.3482E+00 0.178142E-01
0.3508E+00 0.176305E-01
0.3534E+00 0.174489E-01
0.3560E+00 0.172684E-01
0.3586E+00 0.170881E-01
0.3613E+00 0.169074E-01
0.3639E+00 0.167256E-01
0.3666E+00 0.165425E-01
0.3693E+00 0.163581E-01
0.3720E+00 0.161726E-01
0.3748E+00 0.159865E-01
0.3775E+00 0.158003E-01
0.3803E+00 0.156147E-01
0.3831E+00 0.154306E-01
0.3859E+00 0.152485E-01
0.3888E+00 0.150693E-01
0.3916E+00 0.148935E-01
0.3945E+00 0.147214E-01
0.3974E+00 0.145533E-01
0.4003E+00 0.143891E-01
0.4033E+00 0.142287E-01
0.4063E+00 0.140717E-01
0.4093E+00 0.139176E-01
0.4123E+00 0.137659E-01
0.4153E+00 0.136159E-01
0.4184E+00 0.134672E-01
0.4215E+00 0.133193E-01
0.4246E+00 0.131718E-01
0.4277E+00 0.130244E-01
0.4308E+00 0.128772E-01
0.4340E+00 0.127302E-01
0.4372E+00 0.125837E-01
0.4404E+00 0.124379E-01
0.4437E+00 0.122931E-01
0.4469E+00 0.121498E-01
0.4502E+00 0.120083E-01
0.4536E+00 0.118690E-01
0.4569E+00 0.117319E-01
0.4603E+00 0.115973E-01
0.4636E+00 0.114650E-01
0.4671E+00 0.113350E-01
0.4705E+00 0.112070E-01
0.4740E+00 0.110807E-01
0.4775E+00 0.109560E-01
0.4810E+00 0.108325E-01
0.4845E+00 0.107099E-01
0.4881E+00 0.105882E-01
0.4917E+00 0.104672E-01
0.4953E+00 0.103469E-01
0.4990E+00 0.102275E-01
0.5026E+00 0.101089E-01
0.5063E+00 0.999143E-02
0.5101E+00 0.987521E-02
0.5138E+00 0.976043E-02
0.5176E+00 0.964714E-02
0.5214E+00 0.953544E-02
0.5253E+00 0.942533E-02
0.5291E+00 0.931677E-02
0.5330E+00 0.920965E-02
0.5370E+00 0.910387E-02
0.5409E+00 0.899929E-02
0.5449E+00 0.889577E-02
0.5489E+00 0.879326E-02
0.5530E+00 0.869163E-02
0.5570E+00 0.859088E-02
0.5611E+00 0.849104E-02
0.5653E+00 0.839214E-02
0.5694E+00 0.829426E-02
0.5736E+00 0.819744E-02
0.5779E+00 0.810177E-02
0.5821E+00 0.800728E-02
0.5864E+00 0.791396E-02
0.5907E+00 0.782181E-02
0.5951E+00 0.773079E-02
0.5995E+00 0.764084E-02
0.6039E+00 0.755192E-02
0.6083E+00 0.746395E-02
0.6128E+00 0.737690E-02
0.6173E+00 0.729074E-02
0.6219E+00 0.720547E-02
0.6264E+00 0.712107E-02
0.6311E+00 0.703756E-02
0.6357E+00 0.695498E-02
0.6404E+00 0.687334E-02
0.6451E+00 0.679265E-02
0.6499E+00 0.671292E-02
0.6546E+00 0.663414E-02
0.6595E+00 0.655627E-02
0.6643E+00 0.647930E-02
0.6692E+00 0.640318E-02
0.6741E+00 0.632791E-02
0.6791E+00 0.625346E-02
0.6841E+00 0.617981E-02
0.6892E+00 0.610697E-02
0.6942E+00 0.603495E-02
0.6993E+00 0.596372E-02
0.7045E+00 0.589331E-02
0.7097E+00 0.582370E-02
0.7149E+00 0.575490E-02
0.7202E+00 0.568689E-02
0.7255E+00 0.561966E-02
0.7308E+00 0.555320E-02
0.7362E+00 0.548748E-02
0.7416E+00 0.542250E-02
0.7471E+00 0.535825E-02
0.7526E+00 0.529471E-02
0.7582E+00 0.523189E-02
0.7637E+00 0.516979E-02
0.7694E+00 0.510839E-02
0.7750E+00 0.504770E-02
0.7807E+00 0.498770E-02
0.7865E+00 0.492839E-02
0.7923E+00 0.486976E-02
0.7981E+00 0.481179E-02
0.8040E+00 0.475449E-02
0.8099E+00 0.469784E-02
0.8159E+00 0.464183E-02
0.8219E+00 0.458646E-02
0.8280E+00 0.453173E-02
0.8341E+00 0.447762E-02
0.8402E+00 0.442413E-02
0.8464E+00 0.437127E-02
0.8526E+00 0.431901E-02
0.8589E+00 0.426735E-02
0.8652E+00 0.421629E-02
0.8716E+00 0.416581E-02
0.8780E+00 0.411592E-02
0.8845E+00 0.406659E-02
0.8910E+00 0.401784E-02
0.8976E+00 0.396966E-02
0.9042E+00 0.392203E-02
0.9108E+00 0.387495E-02
0.9176E+00 0.382841E-02
0.9243E+00 0.378241E-02
0.9311E+00 0.373695E-02
0.9380E+00 0.369202E-02
0.9449E+00 0.364760E-02
0.9519E+00 0.360370E-02
0.9589E+00 0.356030E-02
0.9659E+00 0.351741E-02
0.9730E+00 0.347502E-02
0.9802E+00 0.343312E-02
0.9874E+00 0.339171E-02
0.9947E+00 0.335077E-02
0.1002E+01 0.331032E-02
0.1009E+01 0.327033E-02
0.1017E+01 0.323081E-02
0.1024E+01 0.319175E-02
0.1032E+01 0.315315E-02
0.1039E+01 0.311499E-02
0.1047E+01 0.307728E-02
0.1055E+01 0.304002E-02
0.1063E+01 0.300319E-02
0.1070E+01 0.296679E-02
0.1078E+01 0.293081E-02
0.1086E+01 0.289526E-02
0.1094E+01 0.286013E-02
0.1102E+01 0.282541E-02
0.1110E+01 0.279109E-02
0.1119E+01 0.275718E-02
0.1127E+01 0.272367E-02
0.1135E+01 0.269055E-02
0.1144E+01 0.265783E-02
0.1152E+01 0.262549E-02
0.1160E+01 0.259352E-02
0.1169E+01 0.256194E-02
0.1178E+01 0.253073E-02
0.1186E+01 0.249989E-02
0.1195E+01 0.246940E-02
0.1204E+01 0.243928E-02
0.1213E+01 0.240952E-02
0.1222E+01 0.238010E-02
0.1231E+01 0.235104E-02
0.1240E+01 0.232231E-02
0.1249E+01 0.229393E-02
0.1258E+01 0.226588E-02
0.1267E+01 0.223817E-02
0.1277E+01 0.221078E-02
0.1286E+01 0.218372E-02
0.1296E+01 0.215698E-02
0.1305E+01 0.213056E-02
0.1315E+01 0.210445E-02
0.1324E+01 0.207865E-02
0.1334E+01 0.205316E-02
0.1344E+01 0.202797E-02
0.1354E+01 0.200309E-02
0.1364E+01 0.197850E-02
0.1374E+01 0.195420E-02
0.1384E+01 0.193019E-02
0.1394E+01 0.190647E-02
0.1404E+01 0.188304E-02
0.1415E+01 0.185988E-02
0.1425E+01 0.183700E-02
0.1436E+01 0.181439E-02
0.1446E+01 0.179205E-02
0.1457E+01 0.176998E-02
0.1468E+01 0.174817E-02
0.1479E+01 0.172662E-02
0.1489E+01 0.170533E-02
0.1500E+01 0.168430E-02
0.1511E+01 0.166352E-02
0.1523E+01 0.164299E-02
0.1534E+01 0.162270E-02
0.1545E+01 0.160266E-02
0.1556E+01 0.158286E-02
0.1568E+01 0.156329E-02
0.1579E+01 0.154397E-02
0.1591E+01 0.152487E-02
0.1603E+01 0.150601E-02
0.1615E+01 0.148737E-02
0.1627E+01 0.146896E-02
0.1639E+01 0.145077E-02
0.1651E+01 0.143279E-02
0.1663E+01 0.141504E-02
0.1675E+01 0.139750E-02
0.1687E+01 0.138017E-02
0.1700E+01 0.136304E-02
0.1712E+01 0.134613E-02
0.1725E+01 0.132942E-02
0.1738E+01 0.131291E-02
0.1750E+01 0.129660E-02
0.1763E+01 0.128049E-02
0.1776E+01 0.126458E-02
0.1789E+01 0.124886E-02
0.1803E+01 0.123332E-02
0.1816E+01 0.121798E-02
0.1829E+01 0.120282E-02
0.1843E+01 0.118785E-02
0.1856E+01 0.117306E-02
0.1870E+01 0.115845E-02
0.1884E+01 0.114401E-02
0.1898E+01 0.112975E-02
0.1912E+01 0.111566E-02
0.1926E+01 0.110175E-02
0.1940E+01 0.108800E-02
0.1954E+01 0.107443E-02
0.1969E+01 0.106101E-02
0.1983E+01 0.104776E-02
0.1998E+01 0.103467E-02
0.2012E+01 0.102174E-02
0.2027E+01 0.100897E-02
0.2042E+01 0.996357E-03
0.2057E+01 0.983897E-03
0.2072E+01 0.971588E-03
0.2088E+01 0.959428E-03
0.2103E+01 0.947419E-03
0.2118E+01 0.935554E-03
0.2134E+01 0.923837E-03
0.2150E+01 0.912261E-03
0.2166E+01 0.900826E-03
0.2182E+01 0.889533E-03
0.2198E+01 0.878377E-03
0.2214E+01 0.867359E-03
0.2230E+01 0.856476E-03
0.2247E+01 0.845726E-03
0.2263E+01 0.835107E-03
0.2280E+01 0.824619E-03
0.2297E+01 0.814259E-03
0.2313E+01 0.804028E-03
0.2331E+01 0.793921E-03
0.2348E+01 0.783938E-03
0.2365E+01 0.774079E-03
0.2382E+01 0.764341E-03
0.2400E+01 0.754722E-03
0.2418E+01 0.745222E-03
0.2435E+01 0.735839E-03
0.2453E+01 0.726570E-03
0.2471E+01 0.717417E-03
0.2490E+01 0.708377E-03
0.2508E+01 0.699447E-03
0.2526E+01 0.690628E-03
0.2545E+01 0.681918E-03
0.2564E+01 0.673315E-03
0.2583E+01 0.664818E-03
0.2602E+01 0.656426E-03
0.2621E+01 0.648139E-03
0.2640E+01 0.639954E-03
0.2660E+01 0.631869E-03
0.2679E+01 0.623885E-03
0.2699E+01 0.616000E-03
0.2719E+01 0.608211E-03
0.2739E+01 0.600520E-03
0.2759E+01 0.592924E-03
0.2779E+01 0.585422E-03
0.2800E+01 0.578012E-03
0.2821E+01 0.570696E-03
0.2841E+01 0.563469E-03
0.2862E+01 0.556332E-03
0.2883E+01 0.549284E-03
0.2905E+01 0.542324E-03
0.2926E+01 0.535450E-03
0.2948E+01 0.528660E-03
0.2969E+01 0.521956E-03
0.2991E+01 0.515334E-03
0.3013E+01 0.508797E-03
0.3035E+01 0.502340E-03
0.3058E+01 0.495962E-03
0.3080E+01 0.489664E-03
0.3103E+01 0.483445E-03
0.3126E+01 0.477302E-03
0.3149E+01 0.471239E-03
0.3172E+01 0.465249E-03
0.3195E+01 0.459334E-03
0.3219E+01 0.453494E-03
0.3243E+01 0.447725E-03
0.3266E+01 0.442029E-03
0.3291E+01 0.436405E-03
0.3315E+01 0.430850E-03
0.3339E+01 0.425365E-03
0.3364E+01 0.419947E-03
0.3389E+01 0.414597E-03
0.3414E+01 0.409316E-03
0.3439E+01 0.404100E-03
0.3464E+01 0.398949E-03
0.3490E+01 0.393863E-03
0.3515E+01 0.388839E-03
0.3541E+01 0.383880E-03
0.3567E+01 0.378982E-03
0.3594E+01 0.374145E-03
0.3620E+01 0.369370E-03
0.3647E+01 0.364653E-03
0.3674E+01 0.359998E-03
0.3701E+01 0.355400E-03
0.3728E+01 0.350859E-03
0.3755E+01 0.346375E-03
0.3783E+01 0.341946E-03
0.3811E+01 0.337576E-03
0.3839E+01 0.333259E-03
0.3867E+01 0.328996E-03
0.3896E+01 0.324787E-03
0.3924E+01 0.320630E-03
0.3953E+01 0.316527E-03
0.3982E+01 0.312475E-03
0.4012E+01 0.308472E-03
0.4041E+01 0.304523E-03
0.4071E+01 0.300621E-03
0.4101E+01 0.296769E-03
0.4131E+01 0.292965E-03
0.4162E+01 0.289209E-03
0.4192E+01 0.285501E-03
0.4223E+01 0.281840E-03
0.4254E+01 0.278224E-03
0.4286E+01 0.274654E-03
