0.941228E-05  1
0.103918E-04  1
0.114733E-04  1
0.126673E-04  0.999995
0.139855E-04  0.999995
0.154410E-04  0.999995
0.170479E-04  0.999995
0.188220E-04  0.999995
0.207808E-04  0.99999
0.229434E-04  0.99999
0.253311E-04  0.99999
0.279673E-04  0.999986
0.308778E-04  0.999986
0.340912E-04  0.999981
0.376390E-04  0.999976
0.415560E-04  0.999971
0.458807E-04  0.999961
0.506554E-04  0.999957
0.559271E-04  0.999947
0.617473E-04  0.999933
0.681733E-04  0.999918
0.752679E-04  0.999899
0.831009E-04  0.99988
0.917491E-04  0.999855
0.101297E-03  0.999822
0.111839E-03  0.999783
0.123478E-03  0.999735
0.136328E-03  0.999677
0.150516E-03  0.999605
0.166180E-03  0.999523
0.183474E-03  0.999417
0.202567E-03  0.999292
0.223648E-03  0.999142
0.246923E-03  0.998955
0.272620E-03  0.998733
0.300991E-03  0.998468
0.332314E-03  0.998145
0.366898E-03  0.997755
0.405080E-03  0.997287
0.447236E-03  0.996733
0.493779E-03  0.996073
0.545166E-03  0.995288
0.601901E-03  0.994368
0.664540E-03  0.993279
0.733697E-03  0.992007
0.810052E-03  0.990528
0.894353E-03  0.988813
0.987426E-03  0.986828
0.109019E-02  0.984544
0.120364E-02  0.981918
0.132890E-02  0.978912
0.146720E-02  0.975486
0.161989E-02  0.971579
0.178846E-02  0.967146
0.197459E-02  0.962131
0.218008E-02  0.956475
0.240696E-02  0.95011
0.265744E-02  0.942975
0.293400E-02  0.935001
0.323934E-02  0.926126
0.357645E-02  0.916269
0.394864E-02  0.905371
0.435957E-02  0.89335
0.481327E-02  0.880144
0.531417E-02  0.86568
0.586721E-02  0.849882
0.647780E-02  0.832697
0.715194E-02  0.814037
0.789623E-02  0.793849
0.871797E-02  0.772063
0.962524E-02  0.748604
0.106269E-01  0.723421
0.117328E-01  0.69644
0.129539E-01  0.667619
0.143020E-01  0.636929
0.157903E-01  0.604364
0.174336E-01  0.569983
0.192479E-01  0.533911
0.212510E-01  0.496389
0.234625E-01  0.457804
0.259042E-01  0.418733
0.286001E-01  0.37996
0.315764E-01  0.342475
0.348625E-01  0.30741
0.384906E-01  0.275895
0.423397E-01  0.24963
0.461887E-01  0.229713
0.500378E-01  0.214357
0.538869E-01  0.201918
0.577359E-01  0.191138
0.615850E-01  0.181088
0.654340E-01  0.1711
0.692831E-01  0.160823
0.731322E-01  0.15026
0.769812E-01  0.139694
0.808303E-01  0.129522
0.856214E-01  0.117991
0.904126E-01  0.108237
0.952038E-01  0.100542
0.999949E-01  0.0948111
0.104786E+00  0.0906093
0.109577E+00  0.0873095
0.114368E+00  0.0842935
0.119160E+00  0.0811078
0.123951E+00  0.0775276
0.128742E+00  0.0735355
0.133533E+00  0.0692696
0.138324E+00  0.064986
0.143115E+00  0.0609987
0.147906E+00  0.0575659
0.152698E+00  0.0547946
0.157489E+00  0.0526448
0.162280E+00  0.050987
0.167071E+00  0.0496418
0.171862E+00  0.0484007
0.176653E+00  0.0470799
0.181445E+00  0.04558
0.186236E+00  0.0438947
0.191027E+00  0.0420796
0.195818E+00  0.0402262
0.200609E+00  0.0384454
0.205400E+00  0.0368373
0.210192E+00  0.0354598
0.214983E+00  0.0343205
0.219774E+00  0.0333883
0.224565E+00  0.0326021
0.229356E+00  0.0318831
0.234147E+00  0.0311575
0.238938E+00  0.0303798
0.243730E+00  0.0295372
0.248521E+00  0.0286397
0.253312E+00  0.0277139
0.258103E+00  0.0267991
0.262894E+00  0.0259371
0.267685E+00  0.0251572
0.272477E+00  0.0244704
0.277268E+00  0.0238711
0.282059E+00  0.023342
0.286850E+00  0.0228576
0.291641E+00  0.0223904
0.296432E+00  0.0219181
0.301223E+00  0.0214286
0.306015E+00  0.0209202
0.310806E+00  0.0203997
0.315597E+00  0.0198801
0.320388E+00  0.0193762
0.325179E+00  0.0188999
0.329970E+00  0.0184585
0.334762E+00  0.0180543
0.339553E+00  0.0176844
0.344344E+00  0.0173411
0.349135E+00  0.0170139
0.353926E+00  0.0166936
0.358717E+00  0.0163739
0.363508E+00  0.0160518
0.368300E+00  0.0157271
0.373091E+00  0.0154028
0.377882E+00  0.0150837
0.382673E+00  0.0147746
0.387464E+00  0.0144793
0.392255E+00  0.0141997
0.397047E+00  0.0139361
0.401838E+00  0.0136869
0.406629E+00  0.0134489
0.411420E+00  0.0132187
0.416211E+00  0.0129933
0.421002E+00  0.0127705
0.425793E+00  0.0125492
0.430585E+00  0.0123297
0.435376E+00  0.0121132
0.440167E+00  0.0119014
0.444958E+00  0.0116955
0.449749E+00  0.0114966
0.454540E+00  0.0113053
0.459332E+00  0.0111217
0.464123E+00  0.010945
0.468914E+00  0.0107738
0.473705E+00  0.0106071
0.478496E+00  0.0104438
0.483287E+00  0.0102834
0.488079E+00  0.0101252
0.492870E+00  0.00996945
0.497661E+00  0.00981658
0.502452E+00  0.00966703
0.507243E+00  0.00952105
0.512034E+00  0.00937906
0.516825E+00  0.00924127
0.521617E+00  0.00910752
0.526408E+00  0.00897739
0.531199E+00  0.00885048
0.535990E+00  0.00872657
0.540781E+00  0.0086052
0.545572E+00  0.00848601
0.550364E+00  0.00836883
0.555155E+00  0.00825383
0.559946E+00  0.00814109
0.564737E+00  0.00803052
0.588268E+00  0.00752266
0.726846E+00  0.00534976
0.907721E+00  0.00371896
0.113361E+01  0.0025725
0.141570E+01  0.00177146
0.176800E+01  0.0012149
0.220796E+01  0.000830119
0.275741E+01  0.0005653
0.344359E+01  0.000383778
0.430052E+01  0.000259813
0.537071E+01  0.000175436
0.670720E+01  0.000118181
0.837628E+01  7.9436e-05
0.104607E+02  5.32846e-05
0.130638E+02  3.56749e-05
0.163148E+02  2.3842e-05
0.203747E+02  1.59067e-05
0.254449E+02  1.0595e-05
0.317768E+02  7.04534e-06
0.396844E+02  4.67698e-06
0.495599E+02  3.09906e-06
0.618928E+02  2.04917e-06
0.772947E+02  1.35149e-06
0.965294E+02  8.88407e-07
0.120551E+03  5.81402e-07
