0.103844E-04  1
0.114663E-04  1
0.126609E-04  1
0.139800E-04  1
0.154366E-04  0.999995
0.170449E-04  0.999995
0.188207E-04  0.999995
0.207816E-04  0.999995
0.229468E-04  0.999995
0.253375E-04  0.99999
0.279774E-04  0.99999
0.308922E-04  0.99999
0.341108E-04  0.999985
0.376647E-04  0.99998
0.415889E-04  0.99998
0.459219E-04  0.999975
0.507064E-04  0.99997
0.559894E-04  0.99996
0.618227E-04  0.99995
0.682639E-04  0.999939
0.753761E-04  0.999929
0.832293E-04  0.999914
0.919007E-04  0.999894
0.101476E-03  0.999869
0.112048E-03  0.999844
0.123722E-03  0.999808
0.136612E-03  0.999763
0.150845E-03  0.999712
0.166562E-03  0.999652
0.183915E-03  0.999576
0.203077E-03  0.999485
0.224235E-03  0.999369
0.247597E-03  0.999238
0.273394E-03  0.999071
0.301878E-03  0.998874
0.333329E-03  0.998632
0.368058E-03  0.998344
0.406405E-03  0.998001
0.448747E-03  0.997582
0.495501E-03  0.997087
0.547126E-03  0.996497
0.604129E-03  0.995795
0.667071E-03  0.994967
0.736572E-03  0.993993
0.813313E-03  0.992857
0.898050E-03  0.991524
0.991615E-03  0.989985
0.109493E-02  0.988198
0.120901E-02  0.986138
0.133497E-02  0.983766
0.147405E-02  0.98105
0.162763E-02  0.977945
0.179721E-02  0.974402
0.198446E-02  0.970373
0.219121E-02  0.9658
0.241951E-02  0.960636
0.267159E-02  0.95481
0.294993E-02  0.948258
0.325728E-02  0.940928
0.359665E-02  0.932735
0.397137E-02  0.923624
0.438514E-02  0.913513
0.484201E-02  0.902331
0.534649E-02  0.890014
0.590352E-02  0.87648
0.651859E-02  0.861664
0.719774E-02  0.845491
0.794766E-02  0.827888
0.877570E-02  0.808782
0.969001E-02  0.78811
0.106996E-01  0.765803
0.118143E-01  0.741784
0.130453E-01  0.716009
0.144044E-01  0.688422
0.159052E-01  0.658997
0.175623E-01  0.627735
0.193920E-01  0.594691
0.214124E-01  0.559996
0.236433E-01  0.523877
0.261067E-01  0.486705
0.288266E-01  0.449017
0.318300E-01  0.411534
0.351463E-01  0.37515
0.388081E-01  0.34086
0.428513E-01  0.309619
0.471365E-01  0.283009
0.514216E-01  0.262067
0.557068E-01  0.245045
0.599919E-01  0.230701
0.642770E-01  0.217851
0.685622E-01  0.205681
0.728473E-01  0.193703
0.771324E-01  0.181769
0.814176E-01  0.170002
0.857027E-01  0.158677
0.899878E-01  0.1481
0.953186E-01  0.136396
0.100649E+00  0.126644
0.105980E+00  0.118906
0.111311E+00  0.112862
0.116642E+00  0.107952
0.121972E+00  0.1036
0.127303E+00  0.0993448
0.132634E+00  0.094898
0.137965E+00  0.0901811
0.143295E+00  0.0853088
0.148626E+00  0.0804996
0.153957E+00  0.0759917
0.159288E+00  0.0719937
0.164618E+00  0.0686287
0.169949E+00  0.0658856
0.175280E+00  0.0636281
0.180610E+00  0.06167
0.185941E+00  0.0598355
0.191272E+00  0.0579809
0.196603E+00  0.0560172
0.201933E+00  0.0539304
0.207264E+00  0.0517779
0.212595E+00  0.0496533
0.217926E+00  0.0476478
0.223256E+00  0.0458315
0.228587E+00  0.0442397
0.233918E+00  0.0428676
0.239249E+00  0.0416753
0.244579E+00  0.0406024
0.249910E+00  0.0395828
0.255241E+00  0.0385602
0.260572E+00  0.037503
0.265902E+00  0.03641
0.271233E+00  0.0353016
0.276564E+00  0.0342072
0.281895E+00  0.0331573
0.287225E+00  0.032179
0.292556E+00  0.0312886
0.297887E+00  0.0304856
0.303218E+00  0.0297557
0.308548E+00  0.0290776
0.313879E+00  0.0284295
0.319210E+00  0.0277922
0.324541E+00  0.0271525
0.329871E+00  0.0265069
0.335202E+00  0.0258605
0.340533E+00  0.0252236
0.345864E+00  0.024607
0.351194E+00  0.02402
0.356525E+00  0.0234684
0.361856E+00  0.0229533
0.367187E+00  0.0224706
0.372517E+00  0.0220135
0.377848E+00  0.0215746
0.383179E+00  0.0211471
0.388509E+00  0.0207257
0.393840E+00  0.0203076
0.399171E+00  0.0198934
0.404502E+00  0.0194866
0.409832E+00  0.0190906
0.415163E+00  0.0187081
0.420494E+00  0.0183411
0.425825E+00  0.0179905
0.431155E+00  0.0176561
0.436486E+00  0.0173356
0.441817E+00  0.0170257
0.447148E+00  0.0167242
0.452478E+00  0.0164294
0.457809E+00  0.0161403
0.463140E+00  0.0158558
0.468471E+00  0.0155765
0.473801E+00  0.0153035
0.479132E+00  0.0150383
0.484463E+00  0.0147812
0.489794E+00  0.0145323
0.495124E+00  0.0142916
0.500455E+00  0.0140589
0.505786E+00  0.0138331
0.511117E+00  0.0136131
0.516447E+00  0.0133981
0.521778E+00  0.0131878
0.527109E+00  0.0129818
0.532440E+00  0.0127798
0.537770E+00  0.0125821
0.543101E+00  0.0123889
0.548432E+00  0.0122007
0.553763E+00  0.0120174
0.559093E+00  0.0118388
0.564424E+00  0.0116648
0.569755E+00  0.0114954
0.575086E+00  0.01133
0.580416E+00  0.0111683
0.585747E+00  0.0110099
0.591078E+00  0.0108548
0.596408E+00  0.0107029
0.601739E+00  0.0105541
0.607070E+00  0.0104083
0.612401E+00  0.0102657
0.617731E+00  0.0101263
0.623062E+00  0.00999
0.649023E+00  0.00936718
0.807777E+00  0.00660673
0.100879E+01  0.00460748
0.125983E+01  0.00319619
0.157334E+01  0.00220657
0.196486E+01  0.00151678
0.245381E+01  0.00103854
0.306444E+01  0.000708553
0.382702E+01  0.000481853
0.477937E+01  0.000326714
0.596871E+01  0.000220922
0.745402E+01  0.000149014
0.930894E+01  0.000100281
0.116255E+02  6.73409e-05
0.145184E+02  4.51316e-05
0.181313E+02  3.01906e-05
0.226433E+02  2.01601e-05
0.282781E+02  1.34393e-05
0.353150E+02  8.94386e-06
0.441031E+02  5.94196e-06
0.550782E+02  3.94032e-06
0.687843E+02  2.60756e-06
0.859012E+02  1.72129e-06
0.107278E+03  1.13268e-06
