3.36416e-6	0.9999999999999999
3.39797e-6	0.9999999999999999
3.43212e-6	0.9999999999999999
3.46662e-6	0.9999999999999999
3.50146e-6	0.9999999999999999
3.53665e-6	0.9999999999999999
3.57219e-6	0.9999999999999999
3.60809e-6	0.9999999999999999
3.64435e-6	0.9999999999999999
3.68098e-6	0.9999999999999999
3.71797e-6	0.9999999999999999
3.75534e-6	0.9999999999999999
3.79308e-6	0.9999999999999999
3.8312e-6	0.9999999999999999
3.86971e-6	0.9999999999999999
3.9086e-6	0.9999999999999999
3.94788e-6	0.9999999999999999
3.98756e-6	0.9999999999999999
4.02763e-6	0.9999999999999999
4.06811e-6	0.9999999999999999
4.109e-6	0.9999999999999999
4.15029e-6	0.9999999999999999
4.192e-6	0.9999999999999999
4.23414e-6	0.9999999999999999
4.27669e-6	0.9999999999999999
4.31967e-6	0.9999999999999999
4.36308e-6	0.9999999999999999
4.40693e-6	0.9999999999999999
4.45122e-6	0.9999999999999999
4.49596e-6	0.9999999999999999
4.54114e-6	0.9999999999999999
4.58678e-6	0.9999999999999999
4.63288e-6	0.9999999999999999
4.67944e-6	0.9999999999999999
4.72647e-6	0.9999999999999999
4.77397e-6	0.9999999999999999
4.82195e-6	0.9999999999999999
4.87041e-6	0.9999999999999999
4.91936e-6	0.9999999999999999
4.9688e-6	0.9999999999999999
5.01874e-6	0.9999999999999999
5.06918e-6	0.9999999999999999
5.12013e-6	0.9999999999999999
5.17158e-6	0.9999999999999999
5.22356e-6	0.9999999999999999
5.27606e-6	0.9999999999999999
5.32908e-6	0.9999999999999999
5.38264e-6	0.9999999999999999
5.43674e-6	0.9999999999999999
5.49138e-6	0.9999999999999999
5.54657e-6	0.9999999999999999
5.60231e-6	0.9999999999999999
5.65861e-6	0.9999999999999999
5.71548e-6	0.9999999999999999
5.77293e-6	0.9999999999999999
5.83095e-6	0.9999999999999999
5.88955e-6	0.9999999999999999
5.94874e-6	0.9999999999999999
6.00852e-6	0.9999999999999999
6.06891e-6	0.9999999999999999
6.1299e-6	0.9999999999999999
6.19151e-6	0.9999999999999999
6.25374e-6	0.9999999999999999
6.31659e-6	0.9999999999999999
6.38007e-6	0.9999999999999999
6.44419e-6	0.9999999999999999
6.50896e-6	0.9999999999999999
6.57437e-6	0.9999999999999999
6.64045e-6	0.9999999999999999
6.70718e-6	0.9999999999999999
6.77459e-6	0.9999999999999999
6.84268e-6	0.9999999999999999
6.91145e-6	0.9999999999999999
6.98091e-6	0.9999999999999999
7.05107e-6	0.9999999999999999
7.12193e-6	0.9999999999999999
7.19351e-6	0.9999999999999999
7.26581e-6	0.9999999999999999
7.33883e-6	0.9999999999999999
7.41258e-6	0.9999999999999999
7.48708e-6	0.9999999999999999
7.56233e-6	0.9999999999999999
7.63833e-6	0.9999999999999999
7.7151e-6	0.9999999999999999
7.79264e-6	0.9999999999999999
7.87095e-6	0.9999999999999999
7.95006e-6	0.9999999999999999
8.02996e-6	0.9999999999999999
8.11066e-6	0.9999999999999999
8.19217e-6	0.9999999999999999
8.27451e-6	0.9999999999999999
8.35767e-6	0.9999999999999999
8.44166e-6	0.9999999999999999
8.5265e-6	0.9999999999999999
8.61219e-6	0.9999999999999999
8.69875e-6	0.9999999999999999
8.78617e-6	0.9999999999999999
8.87447e-6	0.9999999999999999
8.96367e-6	0.9999999999999999
9.05375e-6	0.9999999999999999
9.14474e-6	0.9999999999999999
9.23665e-6	0.9999999999999999
9.32948e-6	0.9999999999999999
9.42324e-6	0.9999999999999999
9.51795e-6	0.9999999999999999
9.6136e-6	0.9999999999999999
9.71022e-6	0.9999999999999999
9.80781e-6	0.9999999999999999
9.90638e-6	0.9999999999999999
0.0000100059	0.9999999999999999
0.0000101065	0.9999999999999999
0.0000102081	0.9999999999999999
0.0000103107	0.9999999999999999
0.0000104143	0.9999999999999999
0.000010519	0.9999999999999999
0.0000106247	0.9999999999999999
0.0000107315	0.9999999999999999
0.0000108393	0.9999999999999999
0.0000109482	0.9999999999999999
0.0000110583	0.9999999999999999
0.0000111694	0.9999999999999999
0.0000112817	0.9999999999999999
0.0000113951	0.9999999999999999
0.0000115096	0.9999999999999999
0.0000116252	0.9999999999999999
0.0000117421	0.9999999999999999
0.0000118601	0.9999999999999999
0.0000119793	0.9999999999999999
0.0000120997	0.9999999999999999
0.0000122213	0.9999999999999999
0.0000123441	0.9999999999999999
0.0000124682	0.9999999999999999
0.0000125935	0.9999999999999999
0.00001272	0.9999999999999999
0.0000128479	0.9999999999999999
0.000012977	0.9999999999999999
0.0000131074	0.9999999999999999
0.0000132392	0.9999999999999999
0.0000133722	0.9999999999999999
0.0000135066	0.9999999999999999
0.0000136424	0.9999999999999999
0.0000137795	0.9999999999999999
0.0000139179	0.9999999999999999
0.0000140578	0.9999999999999999
0.0000141991	0.9999999999999999
0.0000143418	0.9999999999999999
0.0000144859	0.9999999999999999
0.0000146315	0.9999999999999999
0.0000147786	0.9999999999999999
0.0000149271	0.9999999999999999
0.0000150771	0.9999999999999999
0.0000152287	0.9999999999999999
0.0000153817	0.9999950171410348
0.0000155363	0.9999950171410348
0.0000156924	0.9999950171410348
0.0000158502	0.9999950171410348
0.0000160094	0.9999950171410348
0.0000161703	0.9999950171410348
0.0000163329	0.9999950171410348
0.000016497	0.9999950171410348
0.0000166628	0.9999950171410348
0.0000168303	0.9999950171410348
0.0000169994	0.9999950171410348
0.0000171703	0.9999950171410348
0.0000173428	0.9999950171410348
0.0000175171	0.9999950171410348
0.0000176932	0.9999950171410348
0.000017871	0.9999950171410348
0.0000180506	0.9999950171410348
0.000018232	0.9999950171410348
0.0000184153	0.9999950171410348
0.0000186003	0.9999950171410348
0.0000187873	0.9999950171410348
0.0000189761	0.9999950171410348
0.0000191668	0.9999950171410348
0.0000193594	0.9999950171410348
0.000019554	0.9999950171410348
0.0000197505	0.9999950171410348
0.000019949	0.9999950171410348
0.0000201495	0.9999950171410348
0.000020352	0.9999950171410348
0.0000205565	0.9999950171410348
0.0000207631	0.9999950171410348
0.0000209718	0.9999950171410348
0.0000211826	0.9999950171410348
0.0000213955	0.9999950171410348
0.0000216105	0.9999950171410348
0.0000218277	0.9999950171410348
0.0000220471	0.9999950171410348
0.0000222686	0.9999950171410348
0.0000224924	0.9999950171410348
0.0000227185	0.9999950171410348
0.0000229468	0.9999950171410348
0.0000231774	0.9999950171410348
0.0000234104	0.9999950171410348
0.0000236457	0.9999950171410348
0.0000238833	0.9999950171410348
0.0000241233	0.9999900342820697
0.0000243658	0.9999900342820697
0.0000246106	0.9999900342820697
0.000024858	0.9999900342820697
0.0000251078	0.9999900342820697
0.0000253602	0.9999900342820697
0.000025615	0.9999900342820697
0.0000258725	0.9999900342820697
0.0000261325	0.9999900342820697
0.0000263951	0.9999900342820697
0.0000266604	0.9999900342820697
0.0000269283	0.9999900342820697
0.000027199	0.9999900342820697
0.0000274723	0.9999900342820697
0.0000277484	0.9999900342820697
0.0000280273	0.9999900342820697
0.000028309	0.9999900342820697
0.0000285935	0.9999900342820697
0.0000288809	0.9999900342820697
0.0000291711	0.9999900342820697
0.0000294643	0.9999900342820697
0.0000297604	0.9999900342820697
0.0000300595	0.9999900342820697
0.0000303616	0.9999900342820697
0.0000306668	0.9999850514231045
0.000030975	0.9999850514231045
0.0000312863	0.9999850514231045
0.0000316007	0.9999850514231045
0.0000319183	0.9999850514231045
0.0000322391	0.9999850514231045
0.0000325631	0.9999850514231045
0.0000328903	0.9999850514231045
0.0000332209	0.9999850514231045
0.0000335548	0.9999850514231045
0.000033892	0.9999850514231045
0.0000342326	0.9999850514231045
0.0000345767	0.9999850514231045
0.0000349242	0.9999850514231045
0.0000352752	0.9999850514231045
0.0000356297	0.9999850514231045
0.0000359878	0.9999800685641393
0.0000363495	0.9999800685641393
0.0000367148	0.9999800685641393
0.0000370838	0.9999800685641393
0.0000374565	0.9999800685641393
0.0000378329	0.9999800685641393
0.0000382131	0.9999800685641393
0.0000385972	0.9999800685641393
0.0000389851	0.9999800685641393
0.0000393769	0.9999800685641393
0.0000397726	0.9999800685641393
0.0000401724	0.9999800685641393
0.0000405761	0.9999750857051741
0.0000409839	0.9999750857051741
0.0000413958	0.9999750857051741
0.0000418118	0.9999750857051741
0.000042232	0.9999750857051741
0.0000426565	0.9999750857051741
0.0000430852	0.9999750857051741
0.0000435182	0.9999750857051741
0.0000439556	0.9999750857051741
0.0000443973	0.999970102846209
0.0000448435	0.999970102846209
0.0000452942	0.999970102846209
0.0000457494	0.999970102846209
0.0000462092	0.999970102846209
0.0000466736	0.999970102846209
0.0000471427	0.999970102846209
0.0000476165	0.999970102846209
0.000048095	0.999970102846209
0.0000485784	0.9999651199872438
0.0000490666	0.9999651199872438
0.0000495598	0.9999651199872438
0.0000500578	0.9999651199872438
0.0000505609	0.9999651199872438
0.0000510691	0.9999651199872438
0.0000515823	0.9999651199872438
0.0000521007	0.9999601371282787
0.0000526244	0.9999601371282787
0.0000531532	0.9999601371282787
0.0000536874	0.9999601371282787
0.000054227	0.9999601371282787
0.000054772	0.9999601371282787
0.0000553225	0.9999551542693135
0.0000558785	0.9999551542693135
0.0000564401	0.9999551542693135
0.0000570073	0.9999551542693135
0.0000575802	0.9999551542693135
0.0000581589	0.9999501714103484
0.0000587434	0.9999501714103484
0.0000593338	0.9999501714103484
0.0000599301	0.9999501714103484
0.0000605324	0.9999501714103484
0.0000611408	0.9999451885513831
0.0000617553	0.9999451885513831
0.0000623759	0.9999451885513831
0.0000630028	0.9999451885513831
0.000063636	0.9999451885513831
0.0000642755	0.999940205692418
0.0000649215	0.999940205692418
0.000065574	0.999940205692418
0.000066233	0.999940205692418
0.0000668987	0.9999352228334528
0.000067571	0.9999352228334528
0.0000682501	0.9999352228334528
0.000068936	0.9999302399744877
0.0000696289	0.9999302399744877
0.0000703286	0.9999302399744877
0.0000710355	0.9999302399744877
0.0000717494	0.9999252571155225
0.0000724705	0.9999252571155225
0.0000731988	0.9999252571155225
0.0000739345	0.9999202742565574
0.0000746775	0.9999202742565574
0.000075428	0.9999202742565574
0.0000761861	0.9999202742565574
0.0000769518	0.9999152913975923
0.0000777252	0.9999152913975923
0.0000785063	0.9999103085386271
0.0000792953	0.9999103085386271
0.0000800923	0.9999103085386271
0.0000808972	0.999905325679662
0.0000817102	0.999905325679662
0.0000825314	0.999905325679662
0.0000833609	0.9999003428206967
0.0000841987	0.9999003428206967
0.0000850449	0.9998953599617316
0.0000858996	0.9998953599617316
0.0000867629	0.9998953599617316
0.0000876349	0.9998903771027664
0.0000885156	0.9998903771027664
0.0000894052	0.9998853942438013
0.0000903038	0.9998853942438013
0.0000912113	0.9998804113848361
0.000092128	0.9998804113848361
0.0000930539	0.999875428525871
0.0000939891	0.999875428525871
0.0000949337	0.9998704456669057
0.0000958878	0.9998704456669057
0.0000968515	0.9998654628079406
0.0000978249	0.9998654628079406
0.0000988081	0.9998604799489754
0.0000998011	0.9998604799489754
0.000100804	0.9998554970900103
0.000101817	0.9998505142310451
0.00010284	0.9998505142310451
0.000103874	0.99984553137208
0.000104918	0.99984553137208
0.000105972	0.9998405485131149
0.000107037	0.9998355656541497
0.000108113	0.9998355656541497
0.0001092	0.9998305827951846
0.000110297	0.9998255999362193
0.000111406	0.9998255999362193
0.000112525	0.9998206170772542
0.000113656	0.999815634218289
0.000114799	0.9998106513593239
0.000115952	0.9998106513593239
0.000117118	0.9998056685003587
0.000118295	0.9998006856413936
0.000119484	0.9997957027824284
0.000120684	0.9997907199234632
0.000121897	0.9997907199234632
0.000123122	0.999785737064498
0.00012436	0.9997807542055329
0.00012561	0.9997757713465677
0.000126872	0.9997707884876026
0.000128147	0.9997658056286374
0.000129435	0.9997608227696723
0.000130736	0.9997558399107072
0.00013205	0.9997508570517419
0.000133377	0.9997458741927768
0.000134717	0.9997408913338116
0.000136071	0.9997359084748465
0.000137439	0.9997309256158813
0.00013882	0.9997259427569162
0.000140215	0.999720959897951
0.000141624	0.9997159770389858
0.000143048	0.9997109941800206
0.000144485	0.9997010284620903
0.000145938	0.9996960456031252
0.000147404	0.99969106274416
0.000148886	0.9996860798851949
0.000150382	0.9996810970262298
0.000151893	0.9996711313082994
0.00015342	0.9996661484493342
0.000154962	0.9996611655903691
0.000156519	0.9996511998724388
0.000158092	0.9996462170134736
0.000159681	0.9996362512955432
0.000161286	0.9996312684365781
0.000162907	0.9996213027186478
0.000164544	0.9996163198596826
0.000166198	0.9996063541417524
0.000167868	0.9996013712827871
0.000169555	0.9995914055648568
0.000171259	0.9995864227058917
0.000172981	0.9995764569879614
0.000174719	0.999566491270031
0.000176475	0.9995565255521007
0.000178249	0.9995515426931355
0.00018004	0.9995415769752052
0.000181849	0.999531611257275
0.000183677	0.9995216455393446
0.000185523	0.9995116798214143
0.000187388	0.999501714103484
0.000189271	0.9994917483855537
0.000191173	0.9994817826676233
0.000193094	0.999471816949693
0.000195035	0.9994618512317627
0.000196995	0.9994518855138323
0.000198975	0.999441919795902
0.000200975	0.9994269712190066
0.000202995	0.9994170055010763
0.000205035	0.9994070397831459
0.000207095	0.9993920912062504
0.000209177	0.9993821254883202
0.000211279	0.9993721597703898
0.000213402	0.9993572111934943
0.000215547	0.9993422626165989
0.000217713	0.9993322968986685
0.000219901	0.999317348321773
0.000222111	0.9993023997448776
0.000224344	0.9992924340269472
0.000226598	0.9992774854500518
0.000228876	0.9992625368731562
0.000231176	0.9992475882962608
0.000233499	0.9992326397193654
0.000235846	0.9992176911424698
0.000238216	0.9992027425655744
0.00024061	0.9991877939886789
0.000243029	0.9991678625528182
0.000245471	0.9991529139759228
0.000247938	0.9991379653990273
0.00025043	0.9991180339631667
0.000252947	0.9991030853862711
0.000255489	0.9990831539504105
0.000258057	0.999068205373515
0.00026065	0.9990482739376544
0.00026327	0.9990283425017937
0.000265916	0.9990084110659331
0.000268588	0.9989884796300725
0.000271288	0.9989685481942119
0.000274014	0.9989486167583512
0.000276768	0.9989286853224906
0.000279549	0.9989087538866299
0.000282359	0.9988888224507693
0.000285197	0.9988639081559435
0.000288063	0.9988439767200828
0.000290958	0.9988190624252571
0.000293882	0.9987941481304312
0.000296836	0.9987742166945707
0.000299819	0.9987493023997448
0.000302832	0.998724388104919
0.000305876	0.9986994738100933
0.00030895	0.9986745595152674
0.000312055	0.9986446623614764
0.000315191	0.9986197480666507
0.000318359	0.9985948337718249
0.000321558	0.9985649366180339
0.00032479	0.9985400223232082
0.000328054	0.9985101251694172
0.000331351	0.9984802280156262
0.000334681	0.9984503308618352
0.000338045	0.9984204337080442
0.000341442	0.9983905365542534
0.000344874	0.9983606394004624
0.00034834	0.9983257593877062
0.000351841	0.9982958622339153
0.000355377	0.9982609822211591
0.000358949	0.998226102208403
0.000362556	0.9981912221956469
0.0003662	0.9981563421828908
0.00036988	0.9981214621701346
0.000373597	0.9980865821573786
0.000377352	0.9980467192856572
0.000381145	0.9980118392729012
0.000384975	0.9979719764011798
0.000388844	0.9979321135294587
0.000392752	0.9978922506577373
0.0003967	0.997852387786016
0.000400686	0.9978125249142947
0.000404713	0.9977676791836083
0.000408781	0.997727816311887
0.000412889	0.9976829705812006
0.000417039	0.9976381248505142
0.00042123	0.9975932791198278
0.000425463	0.9975484333891413
0.00042974	0.9974986047994897
0.000434058	0.9974537590688033
0.000438421	0.9974039304791517
0.000442827	0.9973541018895
0.000447278	0.9973042732998485
0.000451773	0.9972494618512318
0.000456313	0.9971996332615801
0.000460899	0.9971448218129634
0.000465531	0.9970900103643466
0.00047021	0.9970351989157298
0.000474936	0.996980387467113
0.000479709	0.9969255760184963
0.00048453	0.9968657817109144
0.000489399	0.9968059874033325
0.000494318	0.9967461930957505
0.000499286	0.9966863987881687
0.000504304	0.9966216216216216
0.000509372	0.9965618273140396
0.000514492	0.9964970501474926
0.000519662	0.9964272901219803
0.000524885	0.9963625129554332
0.00053016	0.996292752929921
0.000535488	0.996227975763374
0.00054087	0.9961532328788966
0.000546306	0.9960834728533843
0.000551796	0.9960137128278721
0.000557342	0.9959389699433947
0.000562943	0.9958642270589173
0.000568601	0.9957845013154747
0.000574316	0.9957097584309973
0.000580087	0.9956300326875548
0.000585918	0.9955503069441122
0.000591806	0.9954655983417044
0.000597754	0.9953808897392967
0.000603761	0.995296181136889
0.000609829	0.9952114725344813
0.000615958	0.9951267639320736
0.000622149	0.9950370724707007
0.000628401	0.9949473810093279
0.000634717	0.9948527066889898
0.000641096	0.9947580323686518
0.000647539	0.9946633580483137
0.000654047	0.9945686837279757
0.00066062	0.9944690265486725
0.00066726	0.9943693693693693
0.000673966	0.9942697121900661
0.000680739	0.9941650721517977
0.000687581	0.9940604321135293
0.000694491	0.9939557920752611
0.000701471	0.9938461691780275
0.000708521	0.993736546280794
0.000715641	0.9936269233835605
0.000722834	0.9935123176273618
0.000730098	0.9933977118711631
0.000737436	0.9932831061149645
0.000744847	0.9931635174998006
0.000752333	0.9930389460256717
0.000759894	0.9929193574105077
0.000767531	0.9927947859363788
0.000775245	0.9926652316032847
0.000783036	0.9925406601291556
0.000790906	0.9924061229370963
0.000798855	0.9922765686040022
0.000806883	0.9921420314119429
0.000814993	0.9920025113609183
0.000823184	0.9918679741688591
0.000831457	0.9917234712588694
0.000839813	0.9915839512078449
0.000848253	0.9914344654388901
0.000856778	0.9912899625289006
0.000865389	0.9911404767599458
0.000874086	0.9909860081320258
0.000882871	0.9908315395041059
0.000891744	0.9906770708761858
0.000900706	0.9905176193893007
0.000909759	0.9903581679024156
0.000918902	0.9901937335565654
0.000928137	0.9900243163517499
0.000937465	0.9898598820058997
0.000946886	0.989685481942119
0.000956403	0.9895110818783385
0.000966015	0.9893366818145579
0.000975723	0.9891572988918121
0.00098553	0.9889779159690664
0.000995434	0.9887935501873555
0.00100544	0.9886042015466794
0.00101554	0.9884148529060033
0.00102575	0.9882255042653272
0.00103606	0.9880261899067209
0.00104647	0.9878318584070795
0.00105699	0.987627561189508
0.00106761	0.9874232639719365
0.00107834	0.9872189667543649
0.00108918	0.9870096866778282
0.00110013	0.9867954237423263
0.00111118	0.9865811608068245
0.00112235	0.9863619150123575
0.00113363	0.9861376863589253
0.00114502	0.985913457705493
0.00115653	0.9856842461930957
0.00116815	0.9854550346806984
0.00117989	0.9852208403093359
0.00119175	0.9849816630790081
0.00120373	0.9847375029897153
0.00121583	0.9844933429004225
0.00122805	0.9842441999521645
0.00124039	0.9839950570039065
0.00125285	0.9837409311966834
0.00126545	0.983481822530495
0.00127816	0.9832177310053416
0.00129101	0.9829486566212229
0.00130398	0.9826795822371043
0.00131709	0.9824055249940206
0.00133033	0.9821314677509367
0.0013437	0.9818474447899226
0.0013572	0.9815634218289085
0.00137084	0.9812744160089292
0.00138462	0.9809804273299848
0.00139853	0.9806814557920752
0.00141259	0.9803824842541656
0.00142679	0.9800785298572908
0.00144112	0.9797695926014509
0.00145561	0.9794556724866459
0.00147024	0.9791367695128756
0.00148501	0.9788128836801403
0.00149994	0.9784889978474048
0.00151501	0.9781551462967392
0.00153024	0.9778212947460735
0.00154562	0.9774824603364426
0.00156115	0.9771386430678466
0.00157684	0.9767898429402854
0.00159269	0.976436059953759
0.0016087	0.9760772941082675
0.00162486	0.9757135454038108
0.00164119	0.975344813840389
0.00165769	0.9749760822769672
0.00167435	0.974597384995615
0.00169118	0.9742137048552977
0.00170817	0.9738250418560153
0.00172534	0.9734363788567327
0.00174268	0.97303775013952
0.00176019	0.972634138563342
0.00177788	0.972225544128199
0.00179575	0.9718119668340907
0.0018138	0.9713934066810173
0.00183203	0.9709698636689786
0.00185044	0.9705413377979749
0.00186904	0.970107829068006
0.00188782	0.9696643546201068
0.00190679	0.9692208801722075
0.00192596	0.968767440006378
0.00194531	0.9683090169815833
0.00196487	0.9678456110978234
0.00198461	0.9673772223550984
0.00200456	0.9669038507534082
0.0020247	0.9664205134337878
0.00204505	0.9659371761141672
0.00206561	0.9654438730766164
0.00208637	0.9649455871801004
0.00210733	0.9644373355656541
0.00212851	0.9639290839512078
0.0021499	0.9634108666188311
0.00217151	0.9628826835685242
0.00219334	0.9623545005182172
0.00221538	0.96181635174998
0.00223765	0.9612732201227776
0.00226013	0.9607201227776448
0.00228285	0.9601670254325121
0.00230579	0.9595989795104839
0.00232897	0.9590309335884557
0.00235237	0.9584529219484971
0.00237601	0.9578699274495734
0.00239989	0.9572769672327194
0.00242401	0.9566790241569002
0.00244837	0.9560711153631507
0.00247298	0.9554582237104361
0.00249783	0.9548403491987563
0.00252294	0.9542125089691461
0.00254829	0.9535747030216056
0.0025739	0.9529319142151
0.00259977	0.9522841425496292
0.0026259	0.9516264051662281
0.00265229	0.9509587020648967
0.00267895	0.9502860161046002
0.00270587	0.9496033644263732
0.00273307	0.9489157298891812
0.00276053	0.9482181296340588
0.00278828	0.9475155465199713
0.0028163	0.9468029976879534
0.0028446	0.9460804831380052
0.00287319	0.9453529857290919
0.00290207	0.944610539743283
0.00293124	0.9438680937574743
0.00296069	0.94311069919477
0.00299045	0.9423483217731005
0.0030205	0.9415759786335007
0.00305086	0.9407986526349358
0.00308152	0.9400063780594754
0.00311249	0.9392091206250498
0.00314377	0.9384018974726939
0.00317537	0.9375896914613728
0.00320728	0.9367625368731562
0.00323952	0.9359303994259746
0.00327207	0.9350882962608625
0.00330496	0.9342362273778202
0.00333817	0.9333741927768476
0.00337172	0.9325021924579446
0.00340561	0.9316252092800765
0.00343984	0.9307332775253129
0.00347441	0.9298313800526189
0.00350933	0.9289244997209598
0.00354459	0.9280076536713704
0.00358022	0.9270758590448855
0.0036162	0.9261390815594355
0.00365254	0.9251923383560551
0.00368925	0.9242306465757792
0.00372633	0.9232639719365383
0.00376378	0.9222873315793669
0.00380161	0.9212957426453001
0.00383981	0.9202991708522681
0.0038784	0.9192876504823407
0.00391738	0.9182661643944829
0.00395675	0.91723969544766
0.00399652	0.9161982779239416
0.00403668	0.9151468946822928
0.00407725	0.9140805628637486
0.00411823	0.9130092481862393
0.00415962	0.9119229849318344
0.00420142	0.9108267559594992
0.00424365	0.9097205612692337
0.0042863	0.908604400861038
0.00432938	0.9074782747349118
0.00437289	0.9063372000318902
0.00441684	0.9051861596109383
0.00446123	0.904025153472056
0.00450606	0.9028491987562783
0.00455135	0.9016632783225703
0.00459709	0.900467392170932
0.00464329	0.8992565574423981
0.00468996	0.898035756995934
0.00473709	0.8968049908315394
0.0047847	0.8955592760902494
0.00483279	0.8943035956310292
0.00488136	0.8930329665949135
0.00493042	0.8917523718408673
0.00497997	0.8904568285099258
0.00503002	0.889151319461054
0.00508057	0.8878358446942517
0.00513163	0.886505421350554
0.00518321	0.8851600494299608
0.0052353	0.8838047117914374
0.00528791	0.8824394084349836
0.00534106	0.8810591565016344
0.00539474	0.8796639559913896
0.00544896	0.8782587897632145
0.00550372	0.8768386749581439
0.00555903	0.8754036115761779
0.0056149	0.8739585824762816
0.00567133	0.8725035876584548
0.00572833	0.8710286614047675
0.0057859	0.8695437694331499
0.00584405	0.8680439288846368
0.00590278	0.8665341226181934
0.00596211	0.8650093677748545
0.00602203	0.86346966435462
0.00608255	0.8619150123574901
0.00614368	0.86035039464243
0.00620543	0.8587658454915091
0.00626779	0.857171330622658
0.00633078	0.8555668500358765
0.00639441	0.8539424380132344
0.00645867	0.852308060272662
0.00652358	0.8506537510962289
0.00658915	0.8489894762018655
0.00665537	0.8473102527306067
0.00672226	0.8456160806824523
0.00678982	0.8439069600574025
0.00685806	0.8421878737144224
0.00692698	0.8404488559355815
0.0069966	0.8386948895798453
0.00706691	0.8369309575061787
0.00713794	0.8351470939966514
0.00720967	0.8333532647691939
0.00728213	0.8315395041058757
0.00735532	0.8297157777246272
0.00742924	0.8278721199075181
0.00750391	0.8260135135135135
0.00757932	0.8241449414015786
0.00765549	0.8222564378537829
0.00773244	0.8203529857290919
0.00781015	0.8184345850275053
0.00788864	0.8165012357490233
0.00796792	0.8145529378936458
0.008048	0.8125847086024077
0.00812889	0.8106065135932392
0.00821058	0.8086083871482102
0.0082931	0.8065953121262855
0.00837645	0.8045672885274655
0.00846063	0.8025243163517499
0.00854566	0.8004614127401738
0.00863155	0.7983885434106672
0.0087183	0.7962957426453001
0.00880592	0.7941830104440724
0.00889442	0.7920603125249143
0.00898381	0.7899176831698955
0.0090741	0.7877601052379813
0.00916529	0.7855825958702064
0.0092574	0.7833901379255361
0.00935044	0.7811827314039703
0.00944442	0.778960376305509
0.00953934	0.7767180897711871
0.00963521	0.7744558718010045
0.00973204	0.7721787052539264
0.00982985	0.7698865901299529
0.00992864	0.7675795264290839
0.0100284	0.7652525312923543
0.0101292	0.762905604719764
0.010231	0.7605437295702782
0.0103338	0.7581669058438969
0.0104377	0.7557701506816551
0.0105426	0.7533534640835525
0.0106485	0.7509218289085545
0.0107556	0.7484752451566611
0.0108637	0.7460087299689069
0.0109729	0.7435222833452921
0.0110831	0.741020888144782
0.0111945	0.738499561508411
0.011307	0.7359632862951446
0.0114207	0.7334070796460177
0.0115354	0.7308359244199951
0.0116514	0.7282398548991469
0.0117685	0.7256338196603683
0.0118867	0.7230028701267639
0.0120062	0.720356972016264
0.0121269	0.7176911424699035
0.0122487	0.7150103643466474
0.0123719	0.7123096547875308
0.0124962	0.7095890137925536
0.0126218	0.7068484413617157
0.0127486	0.7040929203539823
0.0128768	0.7013174679103882
0.0130062	0.6985270668898987
0.0131369	0.6957117515745834
0.0132689	0.6928814876823726
0.0134023	0.6900312923543012
0.013537	0.6871661484493342
0.013673	0.6842810731085067
0.0138104	0.6813710834728534
0.0139492	0.6784511281192697
0.0140894	0.6755062584708602
0.014231	0.6725464402455552
0.014374	0.6695666905843897
0.0145185	0.6665670094873635
0.0146644	0.6635473969544765
0.0148118	0.6605128358446942
0.0149607	0.6574583432990512
0.015111	0.6543839193175476
0.0152629	0.6512895639001833
0.0154163	0.6481802599059235
0.0155712	0.6450510244758032
0.0157277	0.6419018576098222
0.0158858	0.6387327593079805
0.0160454	0.6355487124292434
0.0162067	0.6323447341146455
0.0163696	0.6291208243641871
0.0165341	0.6258819660368332
0.0167003	0.6226181934146535
0.0168681	0.6193444550745435
0.0170376	0.6160458024396077
0.0172089	0.6127322012277764
0.0173818	0.6094036514390496
0.0175565	0.6060551702144622
0.0177329	0.6026867575540141
0.0179112	0.5993033963166706
0.0180912	0.5959050865024316
0.018273	0.592486845252332
0.0184566	0.5890486725663716
0.0186421	0.5855955513035158
0.0188295	0.5821274814637646
0.0190187	0.5786394801881527
0.0192099	0.5751415131946105
0.0194029	0.5716186319062425
0.0195979	0.5680857848999442
0.0197949	0.5645379893167504
0.0199938	0.5609702622976959
0.0201948	0.5573925695607111
0.0203977	0.5537949453878657
0.0206027	0.55018735549709
0.0208098	0.5465648170294187
0.0210189	0.5429223471258869
0.0212302	0.5392748943633899
0.0214436	0.5356075101650323
0.0216591	0.5319301602487443
0.0218767	0.5282378617555609
0.0220966	0.5245355975444471
0.0223187	0.5208233676154029
0.022543	0.5170961891094634
0.0227695	0.5133590448855935
0.0229984	0.5096119349437933
0.0232295	0.5058548592840628
0.023463	0.5020928007653671
0.0236988	0.49831579366977596
0.023937	0.49453280714342657
0.0241775	0.4907423463286295
0.0244205	0.4869444112253846
0.0246659	0.4831399984054851
0.0249139	0.4793296061548274
0.0251642	0.47551373275930797
0.0254171	0.4716938730766164
0.0256726	0.46786952882085625
0.0259306	0.46404169656382044
0.0261912	0.4602108745914055
0.0264544	0.45637905604719764
0.0267203	0.45254624093119666
0.0269889	0.4487129275292992
0.0272601	0.4448801124132982
0.0275341	0.4410487921549868
0.0278108	0.437219963326158
0.0280903	0.43339412421270823
0.0283726	0.4295717731005341
0.0286578	0.4257544048473252
0.0289458	0.42194351431077093
0.0292367	0.41813860320497487
0.0295305	0.41434166467352307
0.0298273	0.41055269871641553
0.0301271	0.4067741967631348
0.0304298	0.4030056605277844
0.0307357	0.3992490831539504
0.0310446	0.39550446464163275
0.0313566	0.3917742964203141
0.0316717	0.3880585784899944
0.03199	0.3843583074224667
0.0323115	0.38067497807542056
0.0326362	0.37701008530654545
0.0329642	0.3733636291158415
0.0332956	0.36973760264689465
0.0336302	0.366132005899705
0.0339682	0.3625493303037551
0.0343095	0.3589900741449414
0.0346544	0.35545423742326393
0.0350027	0.3519443115682053
0.0353545	0.3484612931515586
0.0357097	0.34500568045922025
0.0360686	0.3415779717770868
0.0364311	0.3381806585346408
0.0367973	0.3348132424459858
0.0371671	0.3314782149406043
0.0375406	0.32817557601849634
0.0379179	0.32490582396555845
0.038299	0.3216709519253767
0.0386839	0.31847145818384753
0.0390727	0.31530784102686754
0.0394654	0.31218109702622976
0.039862	0.3090917244678306
0.0402626	0.3060412182093598
0.0406673	0.30302957825081717
0.041076	0.30005780116399583
0.0414888	0.2971258869488958
0.0419058	0.29423483217731006
0.0423269	0.2913846368492386
0.0427523	0.2885762975364745
0.043182	0.28580931595312126
0.043616	0.28308468867097186
0.0440543	0.2804019174041298
0.0444971	0.27776150043849157
0.0449443	0.2751634377740572
0.045396	0.27260723112493024
0.0458522	0.27009337877700706
0.0463131	0.2676208841584948
0.0467785	0.26518974726939326
0.0472487	0.2627994698238061
0.0477235	0.2604500518217332
0.0482031	0.2581395001195886
0.0486876	0.25586831300326873
0.0491769	0.2536354939009806
0.0496711	0.25143954795503465
0.0501703	0.2492804751654309
0.0506746	0.24715528581679022
0.0511839	0.24506447819500915
0.0516982	0.2430060591565016
0.0522178	0.24097853384357806
0.0527426	0.2389809056844455
0.0532727	0.2370106832496213
0.0538081	0.23506686996731244
0.0543489	0.23314797097982937
0.0548951	0.23125149485768953
0.0554468	0.22937544845730684
0.056004	0.22751833692099177
0.0565669	0.22567816710515823
0.0571354	0.22385244758032366
0.0577096	0.22203968348879852
0.0582896	0.22023688511520367
0.0588754	0.21844305588774615
0.0594671	0.21665470780515028
0.0600648	0.21487034600972651
0.0606685	0.21308747907199233
0.0612782	0.21130461213425814
0.061894	0.20951875548114485
0.0625161	0.2077284142549629
0.0631444	0.20593109702622975
0.063779	0.20412580722315235
0.06442	0.20230955513035156
0.0650674	0.20048134417603444
0.0657214	0.19863918121661484
0.0663818	0.19678206968029976
0.067049	0.19490801642350314
0.0677229	0.19301602487443195
0.0684035	0.19110509846129314
0.0690909	0.18917473889819023
0.0697853	0.18722345132743362
0.0704867	0.18525173403491987
0.0711951	0.18325908873475244
0.0719106	0.18124451885513831
0.0726333	0.17921400382683567
0.0733633	0.1771640556485689
0.0741006	0.17509417603444152
0.0748454	0.173005859842143
0.0755975	0.17090010364346647
0.0763573	0.1687789005819979
0.0771247	0.16664374551542693
0.0778999	0.16449663158733954
0.0786827	0.16234005022721837
0.0794735	0.16017599457864945
0.0802722	0.15800695607111537
0.081079	0.15583692099178825
0.0818938	0.15366838077015066
0.0827169	0.15150432512158174
0.0835482	0.1493487403332536
0.0843879	0.1472046161205453
0.085236	0.14507593877062902
0.0860926	0.14296619628478036
0.0869579	0.1408788766642749
0.0878318	0.1388184644821813
0.0887145	0.13678844773977517
0.0896061	0.13479131786653908
0.0905067	0.13283205772143825
0.0914163	0.13091315873395518
0.092335	0.12903810890536555
0.093263	0.12720890137925536
0.0942003	0.12542902415690024
0.0951471	0.12370047038188631
0.0961034	0.12202523319779957
0.0970691	0.1204053057482261
0.0980447	0.1188406880331659
0.0990301	0.11733237662441201
0.100025	0.11588086980786096
0.101031	0.11448616758351271
0.102046	0.11314627680778122
0.103072	0.1118611974806665
0.104108	0.11062793988678944
0.105154	0.10944550745435701
0.106211	0.10830941561030057
0.107278	0.10721767121103404
0.108356	0.10616578968348879
0.109445	0.1051497847404927
0.110545	0.10416567009487362
0.111656	0.10320796460176991
0.112778	0.10227168540221637
0.113912	0.10135234792314438
0.115057	0.10044347444789922
0.116213	0.09954058040341225
0.117381	0.09863818464482181
0.118561	0.09773080602726619
0.119752	0.09681395997767679
0.120956	0.09588316192298493
0.122171	0.09493342900422545
0.123399	0.09396177150601928
0.124639	0.0929647014270908
0.125892	0.09194022562385394
0.127157	0.0908853543809296
0.128435	0.08980008769831778
0.129726	0.08868392729012198
0.13103	0.08753637487044566
0.132347	0.08635992186877142
0.133677	0.0851560631427888
0.13502	0.0839277884078769
0.136377	0.08267858566531132
0.137748	0.08141293948816072
0.139132	0.08013533444949374
0.14053	0.07885125169417204
0.141943	0.07756716893885035
0.143369	0.07628806904249381
0.14481	0.07502042972175715
0.146265	0.07377072869329505
0.147736	0.07254494538786574
0.14922	0.07134856095033086
0.15072	0.0701870565255521
0.152235	0.06906541497249462
0.153765	0.06798712429243402
0.15531	0.06695517420074942
0.156871	0.06597255441281989
0.158448	0.06503976321454197
0.16004	0.06415729889181217
0.161648	0.06332416487283743
0.163273	0.06253786972813521
0.164914	0.061795922028222906
0.166571	0.0610943354859284
0.168245	0.06042762895639001
0.169936	0.059790819580642585
0.171644	0.059176931356134894
0.173369	0.05857998485210874
0.175112	0.05799350235190943
0.176872	0.05741000956708921
0.178649	0.05682302878099338
0.180445	0.05622707884876026
0.182258	0.05561667862552818
0.18409	0.05498734353822849
0.18594	0.054335585585585586
0.187809	0.053659411624013394
0.189696	0.05295682850992585
0.191603	0.052229331101012515
0.193528	0.051478414254962926
0.195473	0.05070557282946663
0.197438	0.04991628796938531
0.199422	0.04911429681894283
0.201426	0.048305678466076696
0.203451	0.047496561827314036
0.205495	0.04669337479071992
0.207561	0.045902395758590446
0.209647	0.04512975364745276
0.211754	0.04438097943075819
0.213882	0.04366080682452363
0.216031	0.04297267400143506
0.218203	0.04231902256238539
0.220396	0.041700948736346964
0.22261	0.04111810372319222
0.224848	0.04056864386510404
0.227108	0.04004962927529299
0.22939	0.039556974009407636
0.231695	0.03908559555130351
0.234024	0.03862981344176034
0.236376	0.03818374790719923
0.238752	0.037741419516861996
0.241151	0.0372972972972973
0.243575	0.03684644821812963
0.246023	0.03638488599218687
0.248495	0.03590987004703819
0.250993	0.03541995535358367
0.253515	0.03491504225464402
0.256063	0.034396426293550185
0.258637	0.03386664872837439
0.261236	0.03332939687475085
0.263861	0.032789105477158575
0.266513	0.03225050825161444
0.269192	0.031718687714262936
0.271897	0.031198377581120942
0.27463	0.030693813282308857
0.27739	0.030208183847564376
0.280178	0.02974358207765287
0.282994	0.029301004544367376
0.285838	0.028880002790401017
0.28871	0.028478882643705652
0.291612	0.028094903531850433
0.294543	0.027724577453559753
0.297503	0.02736381846448218
0.300493	0.027008341305907676
0.303513	0.026654259347843417
0.306563	0.026298084589013792
0.309644	0.025937275771346566
0.312756	0.025570188551383242
0.315899	0.025196573786175555
0.319074	0.024817129075978633
0.322281	0.024433598421430277
0.32552	0.02404857290919238
0.328792	0.023665092083233676
0.332096	0.023286344973291875
0.335434	0.022915371123335724
0.338805	0.022554711791437455
0.34221	0.02220601132105557
0.345649	0.021870116798214143
0.349123	0.02154677907996492
0.352631	0.021235001594514868
0.356176	0.020932841026867575
0.359755	0.020637955433309416
0.363371	0.02034785338435781
0.367023	0.02006014310770948
0.370711	0.01977273180259906
0.374437	0.01948437375428526
0.3782	0.019194421191102606
0.382001	0.018903222913178665
0.38584	0.01861157617794786
0.389718	0.018321025671689386
0.393635	0.018033315395041057
0.397591	0.017750239177230325
0.401587	0.01747319221876744
0.405623	0.017203220920035078
0.4097	0.01694082356692976
0.413817	0.016685800845092878
0.417976	0.016437255839910705
0.422177	0.016194142151000557
0.42642	0.015955064577852188
0.430705	0.015718727577134654
0.435034	0.015484084748465278
0.439406	0.015250488320178585
0.443822	0.015017738977915968
0.448283	0.014786135693215338
0.452788	0.014556326237742166
0.457338	0.01432920752611018
0.461935	0.014105626644343458
0.466578	0.013886231364107469
0.471266	0.01367151997129873
0.476003	0.013461492465917244
0.480787	0.013255849876425098
0.485619	0.013054093916925774
0.490499	0.012855526987164155
0.495429	0.012659551144064418
0.500408	0.012465618273140397
0.505437	0.012273529060033483
0.510517	0.012083233676154029
0.515648	0.01189498126445029
0.52083	0.011709120625049828
0.526065	0.011526050386669855
0.531351	0.011346119349437933
0.536692	0.011169427170533364
0.542086	0.010995924021366498
0.547534	0.01082541058757873
0.553037	0.010657687554811448
0.558594	0.010492356294347444
0.564208	0.01032916766323846
0.569879	0.01016802200430519
0.575607	0.010008869488957984
0.581391	0.009851809774376146
0.587234	0.009696992346328629
0.593136	0.00954456669058439
0.599097	0.009394582635733078
0.605118	0.009247139838953998
0.6112	0.009102038985888542
0.617342	0.00895918041935741
0.623547	0.008818464482181296
0.629813	0.008679741688591246
0.636143	0.008542962209997607
0.642537	0.00840807621781073
0.648994	0.008275133540620266
0.655516	0.008144233835605516
0.662105	0.008015327274176831
0.668759	0.00788846368492386
0.67548	0.0077635932392569554
0.682269	0.007640666108586462
0.689126	0.0075195328071434265
0.696052	0.007400193334927848
0.703047	0.007282647691939727
0.710113	0.007166796220999761
0.717249	0.007052738579287251
0.724458	0.006940424938212548
0.731739	0.0068298054691859995
0.739093	0.006720930000797257
0.746521	0.006613698875867017
0.754024	0.00650811209439528
0.761602	0.0064041198277923934
0.769256	0.006301672247468707
0.776987	0.006200819182013872
0.784796	0.006101460974248584
0.792683	0.006003647452762497
0.80065	0.005907378617555609
0.808696	0.005812554811448617
0.816824	0.005719176034441521
0.825033	0.005627242286534322
0.833325	0.005536753567727018
0.8417	0.005447610220840309
0.850159	0.005359862074463844
0.858704	0.005273459300007972
0.867334	0.005188401897472694
0.87605	0.005104640038268357
0.884855	0.005022173722394961
0.893748	0.004941027864147333
0.902731	0.004861117754923065
0.911803	0.004782443394722155
0.920966	0.004705004783544606
0.930223	0.004628762058518695
0.939572	0.004553705253926493
0.949015	0.004479819421191102
0.958552	0.004407094594594594
0.968186	0.004335490911265247
0.977916	0.004265008371203061
0.987745	0.004195627042972176
0.997671	0.004127336960854659
1.0077	0.004060108227696723
1.01783	0.003993930877780435
1.02806	0.003928784979669935
1.03839	0.003864675516224188
1.04882	0.003801562624571474
1.05936	0.0037394413218528265
1.07001	0.003678301642350315
1.08076	0.0036181286374870445
1.09163	0.0035588973929681893
1.1026	0.003500602925934784
1.11368	0.0034432302878099337
1.12487	0.0033867744957346724
1.13618	0.0033312056525552102
1.1476	0.003276513792553615
1.15913	0.0032226939328709237
1.17078	0.0031697261420712748
1.18254	0.0031176004544367373
1.19443	0.0030663019213904167
1.20643	0.003015815594355417
1.21856	0.002966131507613808
1.2308	0.00291723969544766
1.24317	0.0028691252092800765
1.25567	0.0028217780833931275
1.26829	0.0027751833692099175
1.28103	0.002729336083871482
1.29391	0.0026842162959419594
1.30691	0.0026398190225623854
1.32005	0.002596134298014829
1.33331	0.00255315215658136
1.34672	0.002510857649685083
1.36025	0.002469240811608068
1.37392	0.0024282916766323846
1.38773	0.002388005261899067
1.40168	0.0023483616359722555
1.41576	0.002309355815992984
1.42999	0.002270977836243323
1.44436	0.0022332227138643066
1.45888	0.0021960705174200747
1.47354	0.0021595162640516623
1.48835	0.0021235499880411382
1.50331	0.0020881667065295382
1.51842	0.0020533564537989317
1.53368	0.002019109264131388
1.54909	0.001985415171808977
1.56466	0.0019522642111137684
1.58038	0.0019196563820457623
1.59627	0.0018875767360280633
1.61231	0.0018560153073427408
1.62852	0.0018249671131308298
1.64488	0.0017944271705333651
1.66141	0.0017643755481144862
1.67811	0.0017348172287331577
1.69498	0.0017057372638124848
1.71201	0.0016771356533524674
1.72922	0.00164899744877621
1.7466	0.0016213176672247467
1.76415	0.0015940863429801482
1.78188	0.0015673084589013792
1.79979	0.001540959100693614
1.81788	0.0015150482340747827
1.83615	0.0014895559276090248
1.8546	0.0014644871641553057
1.87324	0.0014398220122777644
1.89206	0.0014155654548353663
1.91108	0.0013917025432512158
1.93029	0.0013682332775253128
1.94969	0.0013451526747986923
1.96928	0.001322445786494459
1.98907	0.0013001126126126125
2.00906	0.001278148170294188
2.02925	0.001256552459539185
2.04965	0.0012353055489117434
2.07025	0.001214407438411863
2.09106	0.001193858128039544
2.11207	0.0011736476520768555
2.1333	0.0011537660448058679
2.15474	0.0011342133062265804
2.17639	0.0011149894363389938
2.19826	0.0010960794865662123
2.22036	0.0010774834569082356
2.24267	0.0010591913816471337
2.26521	0.001041208243641872
2.28798	0.0010235190943155544
2.31097	0.0010061239336681814
2.3342	0.0009890177788407877
2.35766	0.000972195646974408
2.38135	0.0009556525552100772
2.40528	0.0009393885035477956
2.42946	0.0009233885434106672
2.45388	0.0009076576576576576
2.47854	0.0008921858805708362
2.50345	0.0008769732121502032
2.52861	0.0008620146695367933
2.55402	0.0008473052698716415
2.57969	0.0008328400302957824
2.60561	0.0008186189508092163
2.6318	0.0008046370485529777
2.65825	0.0007908843578091365
2.68497	0.0007773608785776927
2.71195	0.0007640666108586462
2.73921	0.0007509915889340668
2.76674	0.0007381358128039544
2.79454	0.0007254942996093438
2.82263	0.0007130670493502351
2.851	0.0007008490791676632
2.87965	0.0006888354062026628
2.90859	0.0006770210475962688
2.93782	0.0006654060033484812
2.96735	0.0006539852906003349
2.99717	0.0006427589093518296
3.02729	0.0006317168938850354
3.05772	0.0006208642270589173
3.08845	0.00061019592601451
3.11949	0.0005997020250338834
3.15084	0.0005893875069760024
3.18251	0.0005792473889819022
3.21449	0.0005692766881926174
3.2468	0.0005594754046081479
3.27943	0.0005498385553695288
3.31239	0.0005403661404767599
3.34567	0.0005310531770708762
3.3793	0.0005218946822929123
3.41326	0.0005128906561428686
3.44757	0.0005040410986207446
3.48221	0.0004953435182970581
3.51721	0.0004867904408833612
3.55256	0.00047838286295144697
3.58827	0.00047011679821414335
3.62433	0.00046199224667145013
3.66075	0.0004540042254644024
3.69754	0.000446151738021207
3.7347	0.0004384327911982779
3.77224	0.000430845391852029
3.81015	0.0004233860519811847
3.84844	0.0004160532767280555
3.88712	0.0004088455712349518
3.92618	0.000401760444072391
3.96564	0.0003947954038108905
4.0055	0.0003879489555927609
4.04576	0.000381219106274416
4.08642	0.0003746038627122698
4.12749	0.0003681022283345292
4.16897	0.00036171021685402216
4.21087	0.0003554278282707486
4.25319	0.0003492520728693295
4.29593	0.0003431824523638683
4.33911	0.0003372159770389859
4.38272	0.00033135165032288926
4.42676	0.00032558698078609584
4.47125	0.00031992196842860557
4.51619	0.0003143531252491429
4.56158	0.00030887945467591483
4.60742	0.0003034994618512317
4.65373	0.00029821215020330065
4.7005	0.0002930145300167424
4.74774	0.0002879061030056605
4.79546	0.00028288537431236547
4.84365	0.00027795134736506414
4.89233	0.0002731010324483776
4.9415	0.00026833442956230566
4.99116	0.00026364954556326234
5.04132	0.00025904488559355817
5.09199	0.00025451945308139996
5.14316	0.0002500717531690983
5.19486	0.00024570029099896354
5.24707	0.00024140406999920272
5.2998	0.00023718259188391932
5.35306	0.00023303286693773415
5.40686	0.00022895439687475085
5.4612	0.00022494668340907278
5.51608	0.00022100823168301042
5.57152	0.00021713704855297775
5.62752	0.00021333263573307818
5.68408	0.00020959399665151877
5.7412	0.00020592013473650638
5.7989	0.0002023095551303516
5.85718	0.00019876076297536472
5.91605	0.00019527375827154585
5.9755	0.00019184704616120543
6.03556	0.00018847963007255042
6.09622	0.00018517001514789123
6.15749	0.00018191770310133142
6.21937	0.0001787221956469744
6.28187	0.00017558149964123413
6.34501	0.00017249511679821413
6.40878	0.00016946205054612135
6.47318	0.00016648230088495573
6.53824	0.00016355337638523479
6.60395	0.00016067527704695844
6.67033	0.00015784750458423024
6.73737	0.0001550685641393606
6.80507	0.00015233795742645298
6.87347	0.0001496541895878179
6.94255	0.0001470177589093518
7.01232	0.0001444266722474687
7.08279	0.00014188043131627202
7.15398	0.00013937903611576177
7.22588	0.0001369204935023519
7.2985	0.0001345048034760424
7.37185	0.00013213146775093676
7.44594	0.00012979948975524197
7.52077	0.00012750787291716494
7.59636	0.00012525611895080919
7.6727	0.00012304372957027825
7.74981	0.000120869708203779
7.8277	0.00011873355656541497
7.90637	0.00011663477636928963
7.98583	0.00011457286932950649
8.06609	0.00011254634058837599
8.14715	0.0001105551901458981
8.22904	0.00010859941800207286
8.31173	0.0001066775292992107
8.39527	0.00010478902575141511
8.47964	0.0001029334090727896
8.56487	0.00010111018097743761
8.65095	0.00009931884317946264
8.73789	0.0000975588973929682
8.82571	0.00009582984533205772
8.91441	0.00009413118871083472
9.004	0.00009246193095750617
9.09449	0.00009082207207207207
9.18589	0.00008921061548273937
9.27821	0.00008762756118950808
9.37146	0.00008607241090648169
9.46564	0.00008454466634776369
9.56077	0.00008304333094156102
9.65686	0.00008156840468787371
9.75392	0.00008011938930080523
9.85194	0.00007869578649445906
9.95095	0.00007729709798293869
10.051	0.00007592332376624412
10.152	0.00007457296898668579
10.254	0.00007324703021605676
10.3571	0.00007194401259666746
10.4612	0.0000706639161285179
10.5663	0.00006940624252571156
10.6725	0.00006817099178824842
10.7797	0.00006695716734433548
10.8881	0.00006576476919397273
10.9975	0.00006459329905126365
11.108	0.00006344225863031173
11.2197	0.00006231214621701347
11.3324	0.00006120146695367934
11.4463	0.00006011022084030933
11.5614	0.00005903840787690344
11.6776	0.000057985529777565175
11.7949	0.00005695108825639799
11.9135	0.00005593508331340189
12.0332	0.00005493651837678386
12.1541	0.0000539558917324404
12.2763	0.000052992705094475004
12.3997	0.00005204646017699115
12.5243	0.000051116658694092316
12.6501	0.000050203798931675035
12.7773	0.000049306485689229054
12.9057	0.00004842521725265088
13.0354	0.000047559545164633654
13.1664	0.00004670922028222913
13.2987	0.00004587389380530973
13.4324	0.00004505331659092721
13.5674	0.0000442472394961333
13.7037	0.00004345551303515905
13.8415	0.000042677738579287246
13.9806	0.00004191371681415929
14.1211	0.00004116324842541656
14.263	0.000040426034441521164
14.4063	0.00003970197520529378
14.5511	0.000038990672088017216
14.6974	0.00003829197560392251
14.8451	0.00003760563661006139
14.9943	0.00003693155544925457
15.145	0.000036269333492784814
15.2972	0.00003561887108347285
15.4509	0.000034979968906960054
15.6062	0.000034352427648887825
15.763	0.000033735998166307904
15.9215	0.000033130530973451327
16.0815	0.000032535776927369843
16.2431	0.000031951636370884156
16.4063	0.000031377860161046
16.5712	0.000030814298812086416
16.7378	0.000030260703181057163
16.906	0.00002971702343936857
17.0759	0.000029182960615482738
17.2475	0.00002865836522363071
17.4209	0.00002814313760663318
17.5959	0.0000276371282787212
17.7728	0.00002714003826835685
17.9514	0.00002665181774695049
18.1318	0.000026172317228733153
18.3141	0.000025701337399346245
18.4981	0.00002523877860161046
18.684	0.000024784441521167184
18.8718	0.000024338176672247466
19.0615	0.000023899884397672005
19.253	0.000023469415211671847
19.4465	0.000023046619628478033
19.642	0.000022631348162321612
19.8394	0.00002222350115602328
20.0388	0.00002182297895240373
20.2402	0.000021429532408514707
20.4436	0.000021043111695766563
20.649	0.00002066361715697999
20.8566	0.00002029089930638603
21.0662	0.000019924858486805388
21.2779	0.000019565295383879452
21.4917	0.000019212209997608226
21.7077	0.000018865452842222755
21.9259	0.000018524824603364426
22.1463	0.000018190325281033242
22.3688	0.000017861805389460253
22.5936	0.000017539165271466156
22.8207	0.00001722230526987164
23.0501	0.000016911125727497408
23.2817	0.000016605477158574504
23.5157	0.000016305309734513273
23.752	0.000016010523798134418
23.9908	0.00001572101969225863
24.2319	0.000015436697759706608
24.4754	0.00001515745834329905
24.7214	0.000014883251614446305
24.9698	0.000014613928087379413
25.2208	0.00001434943793350873
25.4743	0.000014089731324244598
25.7303	0.000013834658773818064
25.9889	0.000013584120625049829
26.2501	0.000013338116877939886
26.5139	0.000013096498046719285
26.7803	0.000012859264131388024
27.0495	0.00001262626564617715
27.3214	0.000012397452762497009
27.5959	0.0000121727258231683
27.8733	0.00001195203499960137
28.1534	0.000011735330463206569
28.4364	0.000011522512556804592
28.7222	0.000011313531451805788
29.0108	0.000011108287491030854
29.3024	0.000010906730845890136
29.5969	0.000010708811687793989
29.8943	0.000010514430359563102
30.1948	0.000010323537032607829
30.4982	0.000010136131706928166
30.8048	9.952064896755161e-6
31.1143	9.771336602088813e-6
31.427	9.593797337160168e-6
31.7429	9.419496930558877e-6
32.0619	9.248335725105636e-6
32.3841	9.080263892210793e-6
32.7096	8.915181774695048e-6
33.0384	8.753089372558398e-6
33.3704	8.593936857211193e-6
33.7057	8.43767440006378e-6
34.0445	8.284202343936856e-6
34.3866	8.133470860240772e-6
34.7322	7.985479948975523e-6
35.0813	7.840129952961811e-6
35.4339	7.697420872199633e-6
35.79	7.557302878099338e-6
36.1497	7.419676313481622e-6
36.513	7.28459100693614e-6
36.8799	7.1519473012835846e-6
37.2506	7.021645539344653e-6
37.625	6.893685721119349e-6
38.0031	6.768067846607669e-6
38.3851	6.644692258630312e-6
38.7709	6.5235589571872745e-6
39.1605	6.404618113688909e-6
39.5541	6.287869728135214e-6
39.9516	6.173164314757235e-6
40.3531	6.060601530734274e-6
40.7587	5.950031890297376e-6
41.1683	5.841455393446543e-6
41.5821	5.7348222115921225e-6
42.	5.630132344734114e-6
42.4221	5.527335964282867e-6
42.8484	5.42643307023838e-6
43.279	5.32732400542135e-6
43.714	5.230008769831778e-6
44.1533	5.134487363469664e-6
44.5971	5.040660129155704e-6
45.0453	4.948542015466794e-6
45.498	4.858088176672247e-6
45.9553	4.769273698477238e-6
46.4172	4.682068683727975e-6
46.8836	4.5964581838475644e-6
47.3548	4.512387387387387e-6
47.8307	4.4298363629115835e-6
48.3114	4.348780196125328e-6
48.797	4.269198955592761e-6
49.2874	4.1910577613011236e-6
49.7828	4.114331698955592e-6
50.2831	4.039000837120306e-6
50.7885	3.965030295782508e-6
51.2988	3.892420074942199e-6
51.8144	3.8211153631507605e-6
52.3352	3.7511012118313004e-6
52.8611	3.6823576895479543e-6
53.3924	3.614864864864865e-6
53.929	3.5485978234872037e-6
54.471	3.483531651120147e-6
55.0185	3.4196464163278323e-6
55.5713	3.3569321533923305e-6
56.1299	3.29534899944192e-6
56.694	3.2348820058997044e-6
57.2638	3.1755112413298252e-6
57.8393	3.1172267400143504e-6
58.4206	3.0599986047994894e-6
59.0078	3.003806904249382e-6
59.6008	2.9486416726460972e-6
60.1997	2.89448796141274e-6
60.8047	2.8413108905365544e-6
61.4159	2.789095511440644e-6
62.0331	2.7378368412660446e-6
62.6566	2.6875049828589653e-6
63.2863	2.638089970501475e-6
63.9223	2.5895768556166787e-6
64.5648	2.5419457067687156e-6
65.2137	2.49518157538069e-6
65.869	2.449279478593638e-6
66.531	2.4041995535358366e-6
67.1997	2.359946783066252e-6
67.875	2.316496252890058e-6
68.5572	2.2738379972893247e-6
69.2462	2.231957067687156e-6
69.9422	2.190838515506657e-6
70.6451	2.150467392170932e-6
71.355	2.1108436976799805e-6
72.0722	2.0719325520210474e-6
72.7965	2.033728972335167e-6
73.5282	1.996227975763374e-6
74.2671	1.9594046480108426e-6
75.0136	1.923254006218608e-6
75.7675	1.8877660846687392e-6
76.529	1.8529209519253765e-6
77.298	1.8187235908474845e-6
78.0748	1.7851391214223073e-6
78.8595	1.7521675436498443e-6
79.6521	1.719798891812166e-6
80.4526	1.6880232001913418e-6
81.2612	1.656825520210476e-6
82.0779	1.6262008690106034e-6
82.9028	1.5961293151558638e-6
83.736	1.5666108586462569e-6
84.5775	1.5376355337638521e-6
85.4275	1.5091883919317547e-6
86.2861	1.4812544845730686e-6
87.1533	1.4538338116877938e-6
88.0292	1.4269164075580005e-6
88.9139	1.4004873236067926e-6
89.8076	1.3745415769752053e-6
90.7102	1.3490741848042733e-6
91.6217	1.3240751813760663e-6
92.5425	1.2995296181136888e-6
93.4726	1.2754275292992107e-6
94.412	1.2517738977915969e-6
95.3609	1.2285487921549868e-6
96.3193	1.2057472295304153e-6
97.2874	1.1833642270589172e-6
98.2651	1.1613948018815274e-6
99.2526	1.1398240054213504e-6
100.25	1.1186518376783862e-6