0.0000100211	1.
0.0000110652	1.
0.000012218	1.
0.000013491	1.
0.0000148967	1.
0.0000164488	1.
0.0000181626	0.9999950468322015
0.0000200549	0.9999950468322015
0.0000221444	0.9999950468322015
0.0000244517	0.9999950468322015
0.0000269993	0.9999900936644031
0.0000298123	0.9999900936644031
0.0000329185	0.9999851404966046
0.0000363483	0.9999851404966046
0.0000401354	0.9999801873288061
0.0000443171	0.9999752341610076
0.0000489345	0.9999653278254107
0.000054033	0.9999603746576122
0.0000596627	0.9999504683220153
0.000065879	0.9999405619864183
0.0000727429	0.999925702483023
0.000080322	0.9999108429796276
0.0000886907	0.9998910303084337
0.0000979314	0.9998662644694414
0.000108135	0.9998365454626507
0.000119401	0.9997969201202629
0.000131842	0.9997523416100766
0.000145579	0.999702809932092
0.000160746	0.9996334655829135
0.000177495	0.9995542148981381
0.000195988	0.9994601047099673
0.000216408	0.9993412286828041
0.000238955	0.999202539984447
0.000263852	0.9990291791115007
0.000291343	0.9988211460639652
0.000321698	0.9985685345062434
0.000355215	0.9982663912705371
0.000392225	0.9979048100212491
0.000433091	0.9974689312549841
0.000478215	0.9969488486361452
0.00052804	0.996329702661337
0.000583057	0.9955966338271641
0.000643805	0.9947347826302312
0.000710884	0.9937144300637473
0.000784951	0.9925207166243171
0.000866735	0.9911288764729482
0.00095704	0.989519096938447
0.00105675	0.9876517526784254
0.00116686	0.985497124686093
0.00128843	0.9830254939546587
0.00142267	0.9801922819739364
0.0015709	0.97695291023374
0.00173457	0.9732628002238831
0.0019153	0.9690724202663813
0.00211485	0.964322332347653
0.0023352	0.9589530984541162
0.00257851	0.9529052805721899
0.00284716	0.9461144875204937
0.00314381	0.9385163281176476
0.00347136	0.9300414580144731
0.00383304	0.9206155796939932
0.00423241	0.910174301974828
0.00467338	0.8986383741722018
0.0051603	0.8859434051047347
0.00569795	0.8720101440876512
0.00629162	0.8567791531073697
0.00694715	0.8401662283113165
0.00767097	0.8221069785181112
0.00847021	0.802537012546374
0.00935272	0.7813820328791278
0.0103272	0.7585826015027911
0.0114032	0.7340693740681853
0.0125913	0.7077878657295273
0.0139032	0.6796934979766309
0.0153517	0.6497615049705039
0.0169512	0.6189825202708392
0.0187174	0.5856031224769801
0.0206675	0.5506040388130229
0.0228209	0.5135295778415085
0.0251986	0.47604895711052003
0.027824	0.4385212812854461
0.030723	0.4009311955461115
0.033924	0.36436393895716
0.0374586	0.330184109247069
0.0413614	0.29920353061800675
0.0454976	0.27299037599496756
0.0496337	0.25253082108662595
0.0537698	0.23604915523723197
0.057906	0.22216443526457344
0.0620421	0.2097146480031304
0.0661783	0.19791174445616694
0.0703144	0.18627774393113114
0.0744505	0.17496074614519716
0.0785867	0.1634535467158021
0.0827228	0.15233219905790749
0.086859	0.14193005136435008
0.0920178	0.1304154221832573
0.0971767	0.12087512568663288
0.102336	0.11336463735381963
0.107495	0.10756398254503667
0.112653	0.10291741583329618
0.117812	0.09883253834990167
0.122971	0.09481849116602523
0.12813	0.0905716450956209
0.133289	0.08602414173984972
0.138448	0.08129981029367332
0.143607	0.07661559950666448
0.148766	0.07221371928416818
0.153924	0.06832201534491383
0.159083	0.06507719512013908
0.164242	0.06246142720576945
0.169401	0.0603285931517502
0.17456	0.05849245384885904
0.179719	0.05677915310736981
0.184878	0.055038609942989036
0.190037	0.053172256316527236
0.195196	0.05116770930848824
0.200354	0.04909025167045584
0.205513	0.047037658934771735
0.210672	0.04510002922369001
0.215831	0.04334804424169478
0.22099	0.0418221218380215
0.226149	0.040520082618838875
0.231308	0.039399081682690164
0.236467	0.03839373721463562
0.241626	0.0374367356642941
0.246784	0.0364731959324586
0.251943	0.035471615871930894
0.257102	0.0344289740503539
0.262261	0.033365875645769254
0.26742	0.032314565780544945
0.272579	0.0313079334888628
0.277738	0.03037252775012259
0.282897	0.029523604321143586
0.288056	0.02876200524045153
0.293214	0.02807410929660064
0.298373	0.02743728051275193
0.303532	0.02682749602508284
0.308691	0.026225636605891296
0.31385	0.025620161374206873
0.319009	0.025007504049214674
0.324168	0.024391726228509443
0.329327	0.023783328627823924
0.334486	0.023195139951756146
0.339644	0.022637066535903035
0.344803	0.02211381388967314
0.349962	0.02162553060810041
0.355121	0.021169195258827784
0.36028	0.02073876497714113
0.365439	0.020325769846105075
0.370598	0.019922284797242076
0.375757	0.019523307131075678
0.380915	0.01912730136558836
0.386074	0.01873496094427191
0.391233	0.018348811982703536
0.396392	0.017972420761698145
0.401551	0.01760945262542659
0.40671	0.01726213649939819
0.411869	0.016930868637036817
0.417028	0.016614806999816732
0.422187	0.016312019852296536
0.427345	0.016019981078899008
0.432504	0.01573586737397903
0.437663	0.01545754887538325
0.442822	0.015183935886196017
0.447981	0.01491487981138337
0.45314	0.014650826436047173
0.458299	0.014392568267035182
0.463458	0.014141393127974996
0.468617	0.013898242120748324
0.473775	0.013663313372067104
0.478934	0.013436260160185447
0.484093	0.013216537636645516
0.489252	0.013003402826277545
0.494411	0.01279606322223378
0.49957	0.01259347865927654
0.504729	0.012394856630558074
0.509888	0.012200197136078379
0.515047	0.012009549707515442
0.520205	0.01182301340822523
0.525364	0.01164063776988573
0.530523	0.011462819045920818
0.535682	0.011289804894720418
0.540841	0.01112149625292856
0.546	0.010957496867121367
0.551159	0.0107976086105869
0.562356	0.010463913696004279
0.596428	0.009536234899029675
0.632564	0.008688599293678271
0.882815	0.005082940794785305
1.23207	0.002937372146356202
1.71949	0.0016796291067952508
2.39974	0.0009517511924751475
3.34911	0.0005350758577648335
4.67405	0.00029876963311886116
6.52317	0.0001658241328241477
9.10381	0.00009154989573581784
12.7054	0.000050305362794775396
17.7318	0.000027524258139292988
24.7467	0.000015000173360872944
34.5368	8.143552709135128e-6
48.2	4.403598971722365e-6
67.2686	2.370283965109886e-6
93.8809	1.2680803007563488e-6